ID_MD	FORM	CAPITOL	RIND
70282	47	1034	0000000
71140	47	1034	0100000
70912	47	1034	0101000
71141	47	1034	0110000
70913	47	1034	0111000
70503	47	1034	0111001
70705	47	1034	0111002
70283	47	1034	0112000
70504	47	1034	0112001
70914	47	1034	0112002
71358	47	1034	0112003
71580	47	1034	0120000
70915	47	1034	0121000
70505	47	1034	0122000
71359	47	1034	0123000
70506	47	1034	0125000
71785	47	1034	0126000
70706	47	1034	0126001
70916	47	1034	0130000
70707	47	1034	0131000
70917	47	1034	0140000
71786	47	1034	0141000
71581	47	1034	0141001
70284	47	1034	0142000
71582	47	1034	0142001
70285	47	1034	0142002
71583	47	1034	0143000
71360	47	1034	0144000
71787	47	1034	0145000
70708	47	1034	0145001
71142	47	1034	0146000
71788	47	1034	0146001
71143	47	1034	0146002
70286	47	1034	0150000
71144	47	1034	0151000
71145	47	1034	0152000
70918	47	1034	0152001
70709	47	1034	0152002
70919	47	1034	0153000
71361	47	1034	0153001
70507	47	1034	0154000
70710	47	1034	0154001
71584	47	1034	0300000
71585	47	1034	0301000
71789	47	1034	0310000
70287	47	1034	0311000
71586	47	1034	0501000
71146	47	1034	0510000
70920	47	1034	1000000
71362	47	1034	1001000
71147	47	1034	1001001
70711	47	1034	1001002
70508	47	1034	1001003
70509	47	1034	1001004
70288	47	1034	1001005
70289	47	1034	1010000
71790	47	1034	1010001
70712	47	1034	1011000
71587	47	1034	1012000
70510	47	1034	1012001
70290	47	1034	1013000
71588	47	1034	1013001
71791	47	1034	1014000
71589	47	1034	1014001
70713	47	1034	1015000
71363	47	1034	1015001
71590	47	1034	1015002
71792	47	1034	1015003
71364	47	1034	1016000
71365	47	1034	1017000
70291	47	1034	1017001
71591	47	1034	1018000
70921	47	1034	1019000
71592	47	1034	1020000
70511	47	1034	1020001
71793	47	1034	1021000
70922	47	1034	1022000
70512	47	1034	1023000
70292	47	1034	1024000
70293	47	1034	1025000
70513	47	1034	1026000
71366	47	1034	1026001
71593	47	1034	1027000
70714	47	1034	1028000
71148	47	1034	1029000
71149	47	1034	1030000
71150	47	1034	1031000
70514	47	1034	1031001
70515	47	1034	1032000
70715	47	1034	1032001
70516	47	1034	1033000
71367	47	1034	1034000
71368	47	1034	1034001
70716	47	1034	1034002
70294	47	1034	1111111
70517	47	1034	1200000
71369	47	1034	1201000
70518	47	1034	1210000
70717	47	1034	1211000
71594	47	1034	1212000
71151	47	1034	1213000
70519	47	1034	1214000
70295	47	1034	1214001
70520	47	1034	1214002
70521	47	1034	1214003
71370	47	1034	1215000
70718	47	1034	1400000
70719	47	1034	1401000
71152	47	1034	1402000
71153	47	1034	1410000
70296	47	1034	1411000
71595	47	1034	1412000
70522	47	1034	1412001
71371	47	1034	1413000
71596	47	1034	1413001
70923	47	1034	1414000
70720	47	1034	1414001
70721	47	1034	1414002
70722	47	1034	1415000
70523	47	1034	1416000
70924	47	1034	1417000
70925	47	1034	1417001
71372	47	1034	1418000
71597	47	1034	1419000
71598	47	1034	1420000
71154	47	1034	1421000
71599	47	1034	1422000
71155	47	1034	1423000
71156	47	1034	1424000
71794	47	1034	1424001
71157	47	1034	1424002
71600	47	1034	1425000
70524	47	1034	1426000
71795	47	1034	1426001
71158	47	1034	1427000
70525	47	1034	1427001
70297	47	1034	1428000
71159	47	1034	1428001
70526	47	1034	1429000
70298	47	1034	1429001
71796	47	1034	1430000
71373	47	1034	1431000
70723	47	1034	1432000
71160	47	1034	1433000
70926	47	1034	1434000
70527	47	1034	1435000
71161	47	1034	1700000
70927	47	1034	1701000
70299	47	1034	1701001
71374	47	1034	1710000
70928	47	1034	1711000
70528	47	1034	1712000
71797	47	1034	1713000
70529	47	1034	1714000
71798	47	1034	1715000
71162	47	1034	1715100
71163	47	1034	1715200
71799	47	1034	1716000
70724	47	1034	1717000
70725	47	1034	1717001
71164	47	1034	1718000
70929	47	1034	1718001
71375	47	1034	1720000
70726	47	1034	1720001
71165	47	1034	1721000
70930	47	1034	1722000
71376	47	1034	1723000
70727	47	1034	1724000
71377	47	1034	1724001
71800	47	1034	1725000
71801	47	1034	1725001
71802	47	1034	1725002
71803	47	1034	1726000
71601	47	1034	1726001
70728	47	1034	1726002
70729	47	1034	1727000
70300	47	1034	1728000
71166	47	1034	1729000
70931	47	1034	1730000
71378	47	1034	1730001
70530	47	1034	1731000
71167	47	1034	1731001
71602	47	1034	1731002
71804	47	1034	1732000
70932	47	1034	1733000
71168	47	1034	1734000
70531	47	1034	1734001
70933	47	1034	1735000
70934	47	1034	1735001
70301	47	1034	1736000
71805	47	1034	1736001
70730	47	1034	1737000
71806	47	1034	1738000
71169	47	1034	1739000
70935	47	1034	1740000
71603	47	1034	1740001
71170	47	1034	1741000
70532	47	1034	1742000
70731	47	1034	1743000
71171	47	1034	1744000
70302	47	1034	1744001
70936	47	1034	1744002
71379	47	1034	2100000
71604	47	1034	2101000
71380	47	1034	2110000
70533	47	1034	2110001
71605	47	1034	2111000
71606	47	1034	2111001
70732	47	1034	2111002
70303	47	1034	2112000
70304	47	1034	2112001
71381	47	1034	2113000
70733	47	1034	2114000
70937	47	1034	2114001
70734	47	1034	2115000
70534	47	1034	2115001
71382	47	1034	2115002
71607	47	1034	2116000
70735	47	1034	2116001
71172	47	1034	2117000
70736	47	1034	2118000
70535	47	1034	2118001
71173	47	1034	2119000
71807	47	1034	2120000
71608	47	1034	2122000
70938	47	1034	2122001
71174	47	1034	2122002
71808	47	1034	2122003
71609	47	1034	2123000
70939	47	1034	2123001
70536	47	1034	2124000
70940	47	1034	2125000
70737	47	1034	2126000
71610	47	1034	2126001
71809	47	1034	2126002
70305	47	1034	2127000
71175	47	1034	2127001
71611	47	1034	2127002
71176	47	1034	2128000
70306	47	1034	2128001
71383	47	1034	2128002
71384	47	1034	2128003
71385	47	1034	2129000
71612	47	1034	2130000
71810	47	1034	2130001
71386	47	1034	2131000
70307	47	1034	2132000
71387	47	1034	2133000
71613	47	1034	2134000
70941	47	1034	2134001
70537	47	1034	2135000
71388	47	1034	2135001
70538	47	1034	2135002
70942	47	1034	2136000
70539	47	1034	2222222
71811	47	1034	2500000
70943	47	1034	2501000
71812	47	1034	2501001
70308	47	1034	2510000
70738	47	1034	2510001
71813	47	1034	2511000
70309	47	1034	2512000
71614	47	1034	2512001
71814	47	1034	2513000
70310	47	1034	2514000
70944	47	1034	2514001
71389	47	1034	2514002
70739	47	1034	2515000
70740	47	1034	2516000
70540	47	1034	2517000
70311	47	1034	2517001
70945	47	1034	2517002
70741	47	1034	2517003
70541	47	1034	2518000
71615	47	1034	2519000
70742	47	1034	2520000
70946	47	1034	2521000
70743	47	1034	2522000
71616	47	1034	2522001
70744	47	1034	2522002
70745	47	1034	2523000
71390	47	1034	2523100
71815	47	1034	2524000
71391	47	1034	2525000
70312	47	1034	2526000
71177	47	1034	2526001
71816	47	1034	2527000
71817	47	1034	2528000
70746	47	1034	2529000
71617	47	1034	2529001
71392	47	1034	2530000
70947	47	1034	2530001
71618	47	1034	2531000
70313	47	1034	2532000
70314	47	1034	2532001
71619	47	1034	2532002
70315	47	1034	2534000
70747	47	1034	2534001
70316	47	1034	2535000
71393	47	1034	2536000
70542	47	1034	2700000
70948	47	1034	2701000
70543	47	1034	2702000
70317	47	1034	2702001
71818	47	1034	2710000
71178	47	1034	2710001
71179	47	1034	2711000
70748	47	1034	2711001
71180	47	1034	2712000
70949	47	1034	2713000
71394	47	1034	2713001
70318	47	1034	2714000
71181	47	1034	2714001
70950	47	1034	2714002
70319	47	1034	2715000
71395	47	1034	2716000
70544	47	1034	2717000
70545	47	1034	2717001
70320	47	1034	2718000
70951	47	1034	2719000
70952	47	1034	2710002
71819	47	1034	2710003
71620	47	1034	2720000
71621	47	1034	2721000
71820	47	1034	2721001
70546	47	1034	2722000
70749	47	1034	2723000
71396	47	1034	2723001
70547	47	1034	2723002
71182	47	1034	2724000
71622	47	1034	2725000
71183	47	1034	2726000
70321	47	1034	2727000
70953	47	1034	2727001
71821	47	1034	2728000
71397	47	1034	2729000
70548	47	1034	2730000
71398	47	1034	2731000
70750	47	1034	2732000
71623	47	1034	2733000
71822	47	1034	2733001
71399	47	1034	2733002
71624	47	1034	2734000
71823	47	1034	2735000
70322	47	1034	2735001
70954	47	1034	2736000
71184	47	1034	2737000
70549	47	1034	2737001
71625	47	1034	2737002
70550	47	1034	2900000
71824	47	1034	2901000
70955	47	1034	2901001
70956	47	1034	2901002
70751	47	1034	2901003
71825	47	1034	2910000
70752	47	1034	2910001
71185	47	1034	2910002
70957	47	1034	2911000
71826	47	1034	2912000
70958	47	1034	2913000
70959	47	1034	2914000
70753	47	1034	2914001
71827	47	1034	2915000
71400	47	1034	2915001
70754	47	1034	2916000
70755	47	1034	2916001
71186	47	1034	2917000
70551	47	1034	2918000
70960	47	1034	2918001
70961	47	1034	2918002
71626	47	1034	2919000
70756	47	1034	2919001
71187	47	1034	2920000
71401	47	1034	2921000
71188	47	1034	2921001
71828	47	1034	2921002
70757	47	1034	2922000
70323	47	1034	2922001
70962	47	1034	2922002
71829	47	1034	2923000
71189	47	1034	2924000
70963	47	1034	2924001
71830	47	1034	2925000
70964	47	1034	2926000
70552	47	1034	2927000
70758	47	1034	2928000
71627	47	1034	2929000
71402	47	1034	2930000
71403	47	1034	2931000
70759	47	1034	3100000
70553	47	1034	3101000
70554	47	1034	3101001
71628	47	1034	3101002
70555	47	1034	3110000
71629	47	1034	3110001
71404	47	1034	3110002
71190	47	1034	3111000
71191	47	1034	3111001
70965	47	1034	3111002
71405	47	1034	3111003
70324	47	1034	3112000
70556	47	1034	3112001
71406	47	1034	3113000
71407	47	1034	3114000
71630	47	1034	3115000
71831	47	1034	3116000
71192	47	1034	3117000
70325	47	1034	3117001
71408	47	1034	3117002
70557	47	1034	3118000
71832	47	1034	3118001
71631	47	1034	3118002
71632	47	1034	3119000
70326	47	1034	3120000
71833	47	1034	3120001
71834	47	1034	3121000
70558	47	1034	3121001
71409	47	1034	3121002
71633	47	1034	3122000
70760	47	1034	3123000
71410	47	1034	3124000
71634	47	1034	3125000
71635	47	1034	3126000
71193	47	1034	3127000
71636	47	1034	3127001
71411	47	1034	3128000
71194	47	1034	3129000
70966	47	1034	3129001
70327	47	1034	3129100
71637	47	1034	3129101
70967	47	1034	3130000
71195	47	1034	3131000
70968	47	1034	3132000
70328	47	1034	3333333
71196	47	1034	3400000
71197	47	1034	3401000
71835	47	1034	3410000
71836	47	1034	3411000
71638	47	1034	3412000
71837	47	1034	3413000
70329	47	1034	3414000
71412	47	1034	3415000
70559	47	1034	3416000
70330	47	1034	3417000
71198	47	1034	3417100
71838	47	1034	3417101
70331	47	1034	3418000
71199	47	1034	3418001
71413	47	1034	3418002
70560	47	1034	3419000
70561	47	1034	3420000
71839	47	1034	3420001
70969	47	1034	3421000
71414	47	1034	3422000
70761	47	1034	3423000
70970	47	1034	3424000
70762	47	1034	3425000
70332	47	1034	3426000
71415	47	1034	3426001
71840	47	1034	3427000
71200	47	1034	3427001
71639	47	1034	3428000
71201	47	1034	3428001
70971	47	1034	3428002
71202	47	1034	3429000
71640	47	1034	3600000
71416	47	1034	3601000
71841	47	1034	3610000
70333	47	1034	3611000
70763	47	1034	3611001
70562	47	1034	3612000
71641	47	1034	3613000
71642	47	1034	3613001
71417	47	1034	3614000
70563	47	1034	3615000
71203	47	1034	3616000
71842	47	1034	3617000
71204	47	1034	3617001
70334	47	1034	3618000
71843	47	1034	3619000
70764	47	1034	3619001
71844	47	1034	3620000
70335	47	1034	3621000
71418	47	1034	3622000
70972	47	1034	3623000
70564	47	1034	3624000
70973	47	1034	3625000
71845	47	1034	3626000
71419	47	1034	3626001
71420	47	1034	3626002
70765	47	1034	3627000
71205	47	1034	3627001
70766	47	1034	3628000
70974	47	1034	3628001
71846	47	1034	3629000
71847	47	1034	3629001
71206	47	1034	3630000
70336	47	1034	3631000
71207	47	1034	3632000
71643	47	1034	3633000
71421	47	1034	3633001
70767	47	1034	3633002
71644	47	1034	3634000
70768	47	1034	3634001
70337	47	1034	3635000
70975	47	1034	3636000
71208	47	1034	3800000
71848	47	1034	3810000
71849	47	1034	3810001
71645	47	1034	3811000
71850	47	1034	3811001
71646	47	1034	3812000
70565	47	1034	3812001
71851	47	1034	3813000
70338	47	1034	3814000
71647	47	1034	3815000
70976	47	1034	3816000
71852	47	1034	3817000
70339	47	1034	3817001
71422	47	1034	3818000
70566	47	1034	3819000
71423	47	1034	3820000
70769	47	1034	4100000
70770	47	1034	4101000
71648	47	1034	4101001
70340	47	1034	4101002
71649	47	1034	4102000
70341	47	1034	4102001
71424	47	1034	4102002
70567	47	1034	4111000
70771	47	1034	4112000
70977	47	1034	4113000
70978	47	1034	4114000
70568	47	1034	4114001
71650	47	1034	4115000
71651	47	1034	4115001
71425	47	1034	4116000
70342	47	1034	4117000
71209	47	1034	4117001
71853	47	1034	4118000
71426	47	1034	4118001
70343	47	1034	4118002
71210	47	1034	4119000
71652	47	1034	4119100
70772	47	1034	4119101
71427	47	1034	4120000
70344	47	1034	4121000
71854	47	1034	4121001
70345	47	1034	4122000
71653	47	1034	4123000
71654	47	1034	4124000
71211	47	1034	4125000
70773	47	1034	4127000
71428	47	1034	4128000
70569	47	1034	4128001
70570	47	1034	4128002
71212	47	1034	4129000
70346	47	1034	4130000
70979	47	1034	4131000
70347	47	1034	4131001
71655	47	1034	4132000
70571	47	1034	4132001
71656	47	1034	4133000
71213	47	1034	4133001
71657	47	1034	4134000
70980	47	1034	4135000
70348	47	1034	4136000
70349	47	1034	4137000
71429	47	1034	4138000
70774	47	1034	4140000
70981	47	1034	4141000
70572	47	1034	4141001
70775	47	1034	4300000
71430	47	1034	4301000
71658	47	1034	4301001
71659	47	1034	4310000
71431	47	1034	4310001
71855	47	1034	4310002
71660	47	1034	4310003
70982	47	1034	4311000
71432	47	1034	4312000
70350	47	1034	4313000
70351	47	1034	4314000
70352	47	1034	4314001
71661	47	1034	4314002
71856	47	1034	4314003
71662	47	1034	4314100
70776	47	1034	4314101
71214	47	1034	4315000
70983	47	1034	4315001
71857	47	1034	4315002
70353	47	1034	4315003
71215	47	1034	4315004
70573	47	1034	4316000
70984	47	1034	4316001
71858	47	1034	4316002
71859	47	1034	4317000
70985	47	1034	4317001
71216	47	1034	4318000
70574	47	1034	4319000
70575	47	1034	4319001
70986	47	1034	4319100
70576	47	1034	4320000
70777	47	1034	4320001
71217	47	1034	4320002
71663	47	1034	4321000
70987	47	1034	4322000
70577	47	1034	4322001
71218	47	1034	4322002
71219	47	1034	4323000
71860	47	1034	4324000
71861	47	1034	4324001
71220	47	1034	4325000
71862	47	1034	4326000
70354	47	1034	4327000
70778	47	1034	4327001
71221	47	1034	4327002
71433	47	1034	4327003
71434	47	1034	4327004
70779	47	1034	4327005
71863	47	1034	4328000
70780	47	1034	4329000
70355	47	1034	4329001
70781	47	1034	4330000
70578	47	1034	4330001
70356	47	1034	4330002
71864	47	1034	4331000
71222	47	1034	4331001
70988	47	1034	4332000
71664	47	1034	4333000
70357	47	1034	4333001
71665	47	1034	4333002
70782	47	1034	4334000
70579	47	1034	4334001
70358	47	1034	4334002
70989	47	1034	4334003
71435	47	1034	4335000
70359	47	1034	4336000
70360	47	1034	4336001
71436	47	1034	4337000
71865	47	1034	4337001
70990	47	1034	4337002
71437	47	1034	4338000
71866	47	1034	4338001
71666	47	1034	4338002
71867	47	1034	4338003
70783	47	1034	4339000
70784	47	1034	4339001
71438	47	1034	4339002
71223	47	1034	4500000
70361	47	1034	4501000
70362	47	1034	4502000
71868	47	1034	4503000
70991	47	1034	4510000
71667	47	1034	4510001
71439	47	1034	4510002
71668	47	1034	4510003
70992	47	1034	4511000
71669	47	1034	4512000
71869	47	1034	4514000
71670	47	1034	4515000
71224	47	1034	4516000
70363	47	1034	4516001
70580	47	1034	4516002
70581	47	1034	4516003
70364	47	1034	4517000
71440	47	1034	4518000
70785	47	1034	4518001
71441	47	1034	4519000
70365	47	1034	4519001
70366	47	1034	4519002
70582	47	1034	4519003
70786	47	1034	4520000
71225	47	1034	4521000
70787	47	1034	4522000
70367	47	1034	4522001
71671	47	1034	4523000
70993	47	1034	4523001
70368	47	1034	4523002
71442	47	1034	4523003
70788	47	1034	4524000
71672	47	1034	4524001
71870	47	1034	4524002
71673	47	1034	4525000
71871	47	1034	4525001
71443	47	1034	4526000
70583	47	1034	4526001
70369	47	1034	4527000
70789	47	1034	4527001
71872	47	1034	4527002
71226	47	1034	4528000
71674	47	1034	4528001
71444	47	1034	4529000
70370	47	1034	4530000
70994	47	1034	4531000
70584	47	1034	4532000
70790	47	1034	4532001
70995	47	1034	4534000
70791	47	1034	4534001
71227	47	1034	4534002
70585	47	1034	4534003
71228	47	1034	4535000
71229	47	1034	4535001
71675	47	1034	4536000
71230	47	1034	4537000
70371	47	1034	4538000
70586	47	1034	4538001
70372	47	1034	4538002
70587	47	1034	4539000
70588	47	1034	4540000
71445	47	1034	4540001
71231	47	1034	4541000
71873	47	1034	4541001
71874	47	1034	4542000
70373	47	1034	4543000
71875	47	1034	4544000
70792	47	1034	4544001
71676	47	1034	4545000
70793	47	1034	4545001
71876	47	1034	4546000
70589	47	1034	4546001
70590	47	1034	4546002
71232	47	1034	4547000
71233	47	1034	4548000
70996	47	1034	4800000
71446	47	1034	4801000
71447	47	1034	4801001
71448	47	1034	4810000
71234	47	1034	4810001
71677	47	1034	4810002
71678	47	1034	4810003
71679	47	1034	4810004
71449	47	1034	4811000
70591	47	1034	4812000
71877	47	1034	4812001
70592	47	1034	4812002
71680	47	1034	4812003
71878	47	1034	4813000
71235	47	1034	4814000
71450	47	1034	4815000
70997	47	1034	4815001
70794	47	1034	4815002
71879	47	1034	4815003
70593	47	1034	4815004
71236	47	1034	4816000
70795	47	1034	4816001
71237	47	1034	4816002
71451	47	1034	4817000
71880	47	1034	4818000
71881	47	1034	4819000
70594	47	1034	4820000
70374	47	1034	4821000
71681	47	1034	4821001
71452	47	1034	4822000
71682	47	1034	4823000
70796	47	1034	4824000
70595	47	1034	4825000
70998	47	1034	4826000
71683	47	1034	4827000
71453	47	1034	4827001
71882	47	1034	5300000
70999	47	1034	5301000
70797	47	1034	5310000
71000	47	1034	5311000
71454	47	1034	5311001
71684	47	1034	5311002
70375	47	1034	5312000
71685	47	1034	5313000
71455	47	1034	5313001
70596	47	1034	5314000
71238	47	1034	5315000
70376	47	1034	5316000
70377	47	1034	5317000
71456	47	1034	5318000
71457	47	1034	5318001
71001	47	1034	5319000
70597	47	1034	5320000
70798	47	1034	5321000
71686	47	1034	5322000
70799	47	1034	5322001
71458	47	1034	5323000
71002	47	1034	5323001
71239	47	1034	5324000
71003	47	1034	5325000
71687	47	1034	5325001
71883	47	1034	5326000
71004	47	1034	5327000
71240	47	1034	5328000
70378	47	1034	5328001
70800	47	1034	5328002
70379	47	1034	5329000
70598	47	1034	5329001
71884	47	1034	5329002
70599	47	1034	5330000
71241	47	1034	5330001
71885	47	1034	5331000
70380	47	1034	5332000
71688	47	1034	5332001
71689	47	1034	5333000
71690	47	1034	5333001
71005	47	1034	5334000
71691	47	1034	5334001
71006	47	1034	5335000
70381	47	1034	5336000
70382	47	1034	5337000
71886	47	1034	5338000
70383	47	1034	5338001
71242	47	1034	5339000
70801	47	1034	5339001
71007	47	1034	5340000
71887	47	1034	5341000
71008	47	1034	5341001
71888	47	1034	5342000
71009	47	1034	5342001
71459	47	1034	5342002
70802	47	1034	5342003
71889	47	1034	5342004
70384	47	1034	5343000
71010	47	1034	5343001
70385	47	1034	5343002
70803	47	1034	5344000
71011	47	1034	5345000
71243	47	1034	5346000
70600	47	1034	5347000
70386	47	1034	5500000
71890	47	1034	5501000
71244	47	1034	5510000
71012	47	1034	5511000
71692	47	1034	5512000
70601	47	1034	5513000
71460	47	1034	5514000
71461	47	1034	5514001
70387	47	1034	5514002
71245	47	1034	5514003
71693	47	1034	5515000
71013	47	1034	5516000
71694	47	1034	5517000
71891	47	1034	5518000
70804	47	1034	5519000
71462	47	1034	5520000
71892	47	1034	5520001
71463	47	1034	5521000
70388	47	1034	5522000
70805	47	1034	5523000
71464	47	1034	5524000
71465	47	1034	5525000
71466	47	1034	5525001
71246	47	1034	5526000
71467	47	1034	5526001
71014	47	1034	5527000
70806	47	1034	5528000
71893	47	1034	5529000
71468	47	1034	5529001
70389	47	1034	5529002
71695	47	1034	5530000
71894	47	1034	5531000
71895	47	1034	5532000
71696	47	1034	5533000
71015	47	1034	5533001
71016	47	1034	5700000
70602	47	1034	5701000
70603	47	1034	5702000
70390	47	1034	5702001
71017	47	1034	5710000
71469	47	1034	5710001
70391	47	1034	5710002
71018	47	1034	5711000
70604	47	1034	5711001
70807	47	1034	5712000
71470	47	1034	5713000
71896	47	1034	5713001
71019	47	1034	5713002
70808	47	1034	5714000
71471	47	1034	5715000
71472	47	1034	5715001
71020	47	1034	5716000
71897	47	1034	5717000
70392	47	1034	5718000
70809	47	1034	5719000
71898	47	1034	5720000
70393	47	1034	5720001
71021	47	1034	5721000
71697	47	1034	5722000
70605	47	1034	5723000
71698	47	1034	5723001
71899	47	1034	5724000
71247	47	1034	5725000
71699	47	1034	5725001
71900	47	1034	5726000
70606	47	1034	5726001
70607	47	1034	5727000
71901	47	1034	5728000
70810	47	1034	5728001
71902	47	1034	5729000
71903	47	1034	5730000
71473	47	1034	5731000
71022	47	1034	5731001
71248	47	1034	5732000
71249	47	1034	5732001
70394	47	1034	5732002
71474	47	1034	6000000
71475	47	1034	6001000
71904	47	1034	6010000
71905	47	1034	6010001
70395	47	1034	6011000
71250	47	1034	6012000
71906	47	1034	6013000
70396	47	1034	6013001
70397	47	1034	6013002
71023	47	1034	6014000
71251	47	1034	6015000
71907	47	1034	6015001
71700	47	1034	6016000
71252	47	1034	6017000
71908	47	1034	6018000
70811	47	1034	6018001
71253	47	1034	6019000
71701	47	1034	6019001
70812	47	1034	6020000
71702	47	1034	6021000
71909	47	1034	6022000
71703	47	1034	6022001
71910	47	1034	6023000
70608	47	1034	6023001
71476	47	1034	6024000
71911	47	1034	6025000
71254	47	1034	6025001
71477	47	1034	6026000
71912	47	1034	6027000
71704	47	1034	6027001
71478	47	1034	6027002
71479	47	1034	6028000
71913	47	1034	6028001
71480	47	1034	6028002
71705	47	1034	6028003
70609	47	1034	6028004
70813	47	1034	6029000
71255	47	1034	6029001
71481	47	1034	6030000
70814	47	1034	6031000
70610	47	1034	6200000
71914	47	1034	6201000
71482	47	1034	6202000
71024	47	1034	6203000
70815	47	1034	6210000
70611	47	1034	6210001
71256	47	1034	6210002
71257	47	1034	6211000
71915	47	1034	6212000
71483	47	1034	6212001
71258	47	1034	6213000
70612	47	1034	6214000
70398	47	1034	6214001
70816	47	1034	6215000
71706	47	1034	6215001
71484	47	1034	6216000
71485	47	1034	6217000
71259	47	1034	6217001
71260	47	1034	6217002
71025	47	1034	6218000
71486	47	1034	6219000
71026	47	1034	6219001
71916	47	1034	6220000
71027	47	1034	6220001
71487	47	1034	6221000
71488	47	1034	6222000
71917	47	1034	6222001
71707	47	1034	6223000
71489	47	1034	6224000
71918	47	1034	6224001
71028	47	1034	6225000
70399	47	1034	6226000
71919	47	1034	6227000
71261	47	1034	6227001
71262	47	1034	6400000
70613	47	1034	6401000
71490	47	1034	6410000
71029	47	1034	6410001
70817	47	1034	6411000
71920	47	1034	6411001
71921	47	1034	6411002
70400	47	1034	6412000
71708	47	1034	6413000
70818	47	1034	6414000
71030	47	1034	6415000
71263	47	1034	6415001
71922	47	1034	6415002
71031	47	1034	6416000
71709	47	1034	6416001
71923	47	1034	6416002
71264	47	1034	6417000
70819	47	1034	6418000
71491	47	1034	6418001
71710	47	1034	6418002
70614	47	1034	6419000
71032	47	1034	6419001
71033	47	1034	6420000
71492	47	1034	6420001
71034	47	1034	6420002
71493	47	1034	6421000
70401	47	1034	6421001
71924	47	1034	6421002
70402	47	1034	6422000
71265	47	1034	6423000
71035	47	1034	6423001
70403	47	1034	6423002
71266	47	1034	6424000
70615	47	1034	6424001
71267	47	1034	6424002
70820	47	1034	6424003
71036	47	1034	6425000
70616	47	1034	6425001
70404	47	1034	6426000
70617	47	1034	6426100
71037	47	1034	6426101
71038	47	1034	6427000
71494	47	1034	6427001
71039	47	1034	6428000
71925	47	1034	6429000
71268	47	1034	6429001
71495	47	1034	6430000
71269	47	1034	6431000
71496	47	1034	6431001
70821	47	1034	6432000
70405	47	1034	6432100
70406	47	1034	6433000
70822	47	1034	6433001
71497	47	1034	6433002
70823	47	1034	6434000
71040	47	1034	6434001
71498	47	1034	6434002
71926	47	1034	6435000
70824	47	1034	6436000
71711	47	1034	6436001
71712	47	1034	6436002
71270	47	1034	6437000
71927	47	1034	6437001
71041	47	1034	6438000
71042	47	1034	6439000
71928	47	1034	6440000
71929	47	1034	6440001
71930	47	1034	6440002
71043	47	1034	6441000
71931	47	1034	6441001
71713	47	1034	6441002
71044	47	1034	6442000
71932	47	1034	6443000
71933	47	1034	6444000
70825	47	1034	6444001
71271	47	1034	6444002
71272	47	1034	6700000
70826	47	1034	6701000
70407	47	1034	6701001
71273	47	1034	6701002
71714	47	1034	6701003
71045	47	1034	6710000
71046	47	1034	6711000
71934	47	1034	6712000
71499	47	1034	6713000
71047	47	1034	6714000
71715	47	1034	6715000
70408	47	1034	6715001
70827	47	1034	6715002
71274	47	1034	6716000
71500	47	1034	6717000
71048	47	1034	6717001
71935	47	1034	6718000
71716	47	1034	6719000
71275	47	1034	6719001
71501	47	1034	6719002
70828	47	1034	6720000
70409	47	1034	6721000
70618	47	1034	6722000
71936	47	1034	6723000
71502	47	1034	6723001
70829	47	1034	6724000
70830	47	1034	6725000
71937	47	1034	6726000
71717	47	1034	6726100
71938	47	1034	6726101
71718	47	1034	6727000
71049	47	1034	6727001
71939	47	1034	6728000
70619	47	1034	6728001
71050	47	1034	6728002
71051	47	1034	6729000
71052	47	1034	6729001
70831	47	1034	6730000
71503	47	1034	6730001
70832	47	1034	6731000
70410	47	1034	6732000
71276	47	1034	6732001
71053	47	1034	7100000
71504	47	1034	7101000
71054	47	1034	7101001
71505	47	1034	7101002
71940	47	1034	7102000
71277	47	1034	7102001
71055	47	1034	7102002
70833	47	1034	7102003
71719	47	1034	7102004
71278	47	1034	7110000
70620	47	1034	7110001
71720	47	1034	7110002
70411	47	1034	7110003
70621	47	1034	7111000
71941	47	1034	7112000
71056	47	1034	7113000
71721	47	1034	7113001
70412	47	1034	7113002
71942	47	1034	7113003
71506	47	1034	7114000
71722	47	1034	7115000
71279	47	1034	7115001
70834	47	1034	7116000
70622	47	1034	7116001
71280	47	1034	7117000
71723	47	1034	7117001
71281	47	1034	7118000
70623	47	1034	7119000
70835	47	1034	7120000
70624	47	1034	7120001
71943	47	1034	7121000
71724	47	1034	7122000
70625	47	1034	7123000
71944	47	1034	7125000
71945	47	1034	7126000
70626	47	1034	7127000
71507	47	1034	7127001
71946	47	1034	7128000
71282	47	1034	7128001
71947	47	1034	7130000
71948	47	1034	7130001
71283	47	1034	7130002
71284	47	1034	7131000
70627	47	1034	7132000
71285	47	1034	7133000
71286	47	1034	7133100
71508	47	1034	7133101
71287	47	1034	7133102
71949	47	1034	7134000
70413	47	1034	7134001
70414	47	1034	7134002
71057	47	1034	7134003
71288	47	1034	7134004
71289	47	1034	7134005
71058	47	1034	7135000
70628	47	1034	7136000
71290	47	1034	7400000
70629	47	1034	7401000
70415	47	1034	7401001
71509	47	1034	7402000
71291	47	1034	7410000
70416	47	1034	7410001
71292	47	1034	7410002
70836	47	1034	7410003
70837	47	1034	7410004
71293	47	1034	7411000
71059	47	1034	7411001
70630	47	1034	7412000
71510	47	1034	7412001
70417	47	1034	7412002
71950	47	1034	7413000
71725	47	1034	7413001
70418	47	1034	7414000
71511	47	1034	7414001
71060	47	1034	7415000
71294	47	1034	7415001
70838	47	1034	7415002
71295	47	1034	7416000
70419	47	1034	7416001
70420	47	1034	7417000
71951	47	1034	7417001
70421	47	1034	7417002
70631	47	1034	7417003
71726	47	1034	7417004
70839	47	1034	7417005
71727	47	1034	7418000
70840	47	1034	7418001
71728	47	1034	7418002
70841	47	1034	7419000
71952	47	1034	7419001
71729	47	1034	7419002
71512	47	1034	7420000
71513	47	1034	7420001
71514	47	1034	7421000
71730	47	1034	7421001
70632	47	1034	7421002
71731	47	1034	7422000
71296	47	1034	7422001
71297	47	1034	7422002
70633	47	1034	7423000
70842	47	1034	7423001
71298	47	1034	7423002
70843	47	1034	7424000
71061	47	1034	7424001
71732	47	1034	7424002
71953	47	1034	7425000
71954	47	1034	7425001
70844	47	1034	7426000
71515	47	1034	7426001
70845	47	1034	7427000
71955	47	1034	7427001
71299	47	1034	7428000
71733	47	1034	7428001
71516	47	1034	7428002
71062	47	1034	7428003
71734	47	1034	7429000
70634	47	1034	7429001
71956	47	1034	7429002
71957	47	1034	7429003
70635	47	1034	7430000
70846	47	1034	7431000
71517	47	1034	7431001
71300	47	1034	7432000
71301	47	1034	7432001
71302	47	1034	7433000
71518	47	1034	7433001
70847	47	1034	7433002
71063	47	1034	7800000
71519	47	1034	7801000
70422	47	1034	7810000
70848	47	1034	7810001
71520	47	1034	7811000
70849	47	1034	7812000
70423	47	1034	7812001
71521	47	1034	7813000
71958	47	1034	7813001
71959	47	1034	7814000
71303	47	1034	7814001
71522	47	1034	7815000
71523	47	1034	7815001
70636	47	1034	7815002
71304	47	1034	7815003
71960	47	1034	7816000
70424	47	1034	7816001
70637	47	1034	7816002
71961	47	1034	7817000
70425	47	1034	7818000
71524	47	1034	7819000
70426	47	1034	7819001
71064	47	1034	7820000
71735	47	1034	7821000
71065	47	1034	7821001
70638	47	1034	7821002
71305	47	1034	7821100
70427	47	1034	7821101
71736	47	1034	7822000
71525	47	1034	7823000
71066	47	1034	7823001
70428	47	1034	7824000
70429	47	1034	7824001
70639	47	1034	7825000
71067	47	1034	7825001
71737	47	1034	7825002
70430	47	1034	7826000
70850	47	1034	7827000
70640	47	1034	7828000
71962	47	1034	7828001
71306	47	1034	7829000
71307	47	1034	7829001
71068	47	1034	7830000
71069	47	1034	7831000
70431	47	1034	7831001
71963	47	1034	7832000
70641	47	1034	7832001
70642	47	1034	7833000
71070	47	1034	7834000
71071	47	1034	7834001
70432	47	1034	7835000
71738	47	1034	7835001
71526	47	1034	7835002
71964	47	1034	7835003
71527	47	1034	7835004
70851	47	1034	7835005
71965	47	1034	7836000
71072	47	1034	7837000
71308	47	1034	7837001
71073	47	1034	7837002
70643	47	1034	7838000
71074	47	1034	7838001
70644	47	1034	7839000
71739	47	1034	7839001
71966	47	1034	7839002
70645	47	1034	7840000
70433	47	1034	7841000
71967	47	1034	7841001
70434	47	1034	7842000
71309	47	1034	8000000
70435	47	1034	8001000
71740	47	1034	8001001
71741	47	1034	8002000
71310	47	1034	8002001
70852	47	1034	8010000
71311	47	1034	8011000
71075	47	1034	8012000
70646	47	1034	8012001
70853	47	1034	8013000
71968	47	1034	8014000
71076	47	1034	8015000
71312	47	1034	8015001
71742	47	1034	8016000
70647	47	1034	8016001
71313	47	1034	8017000
71528	47	1034	8017001
71077	47	1034	8018000
70436	47	1034	8018001
71743	47	1034	8019000
71744	47	1034	8019001
70437	47	1034	8020000
70438	47	1034	8020001
70648	47	1034	8021000
70854	47	1034	8022000
71745	47	1034	8023000
71078	47	1034	8023001
71079	47	1034	8024000
71080	47	1034	8024001
70649	47	1034	8024002
70855	47	1034	8025000
71969	47	1034	8026000
71081	47	1034	8027000
71529	47	1034	8028000
71530	47	1034	8029000
71082	47	1034	8030000
71531	47	1034	8031000
71532	47	1034	8032000
71083	47	1034	8033000
70856	47	1034	8034000
71314	47	1034	8300000
71970	47	1034	8301000
70650	47	1034	8310000
70439	47	1034	8310001
70440	47	1034	8310002
71533	47	1034	8311000
70441	47	1034	8312000
70651	47	1034	8312001
71534	47	1034	8313000
70652	47	1034	8314000
70653	47	1034	8314001
71535	47	1034	8314002
70442	47	1034	8315000
71746	47	1034	8316000
71315	47	1034	8316001
70654	47	1034	8316002
70443	47	1034	8317000
71536	47	1034	8318000
70655	47	1034	8319000
71537	47	1034	8320000
70444	47	1034	8321000
70857	47	1034	8322000
70656	47	1034	8323000
71316	47	1034	8324000
70445	47	1034	8325000
71538	47	1034	8326000
70657	47	1034	8326001
71084	47	1034	8327000
70658	47	1034	8327001
70446	47	1034	8328000
71539	47	1034	8329000
70659	47	1034	8330000
70447	47	1034	8331000
70448	47	1034	8331001
71971	47	1034	8500000
70449	47	1034	8501000
70858	47	1034	8510000
71085	47	1034	8510001
70450	47	1034	8511000
71972	47	1034	8512000
70451	47	1034	8513000
71086	47	1034	8514000
71540	47	1034	8515000
71087	47	1034	8516000
70660	47	1034	8517000
71541	47	1034	8518000
71747	47	1034	8519000
71973	47	1034	8520000
70452	47	1034	8521000
70661	47	1034	8522000
70662	47	1034	8523000
71088	47	1034	8524000
70663	47	1034	8524001
70453	47	1034	8525000
71542	47	1034	8525001
70664	47	1034	8526000
71089	47	1034	8527000
71543	47	1034	8528000
70859	47	1034	8529000
71748	47	1034	8530000
70665	47	1034	8531000
71090	47	1034	8700000
71091	47	1034	8701000
71092	47	1034	8702000
71317	47	1034	8710000
71749	47	1034	8710001
70860	47	1034	8710002
70454	47	1034	8711000
71318	47	1034	8711001
71093	47	1034	8711002
71544	47	1034	8712000
71094	47	1034	8713000
71095	47	1034	8715000
70861	47	1034	8715001
70666	47	1034	8716000
71096	47	1034	8717000
71545	47	1034	8717001
71097	47	1034	8717002
70862	47	1034	8718000
71750	47	1034	8719000
70455	47	1034	8720000
71751	47	1034	8720100
70667	47	1034	8720101
71546	47	1034	8721000
71319	47	1034	8722000
71752	47	1034	8723000
71547	47	1034	8723001
71098	47	1034	8723002
71548	47	1034	8723003
70863	47	1034	8900000
70456	47	1034	8901000
70668	47	1034	8901001
71549	47	1034	8901002
71974	47	1034	8910000
70457	47	1034	8910001
71753	47	1034	8911000
70458	47	1034	8912000
71754	47	1034	8912001
70669	47	1034	8913000
70864	47	1034	8914000
71320	47	1034	8914001
70459	47	1034	8914002
71550	47	1034	8915000
71551	47	1034	8916000
71975	47	1034	8916001
71976	47	1034	8916100
71755	47	1034	8917000
71321	47	1034	8918000
70865	47	1034	8919000
70460	47	1034	8920000
71322	47	1034	8921000
71099	47	1034	8921001
71977	47	1034	8921002
71552	47	1034	8922000
70461	47	1034	8923000
70866	47	1034	8924000
70462	47	1034	8925000
71978	47	1034	8925001
71100	47	1034	8926000
71756	47	1034	8926001
70867	47	1034	8926002
71553	47	1034	8927000
70670	47	1034	8928000
70671	47	1034	8929000
70463	47	1034	8929001
71757	47	1034	8929002
70672	47	1034	8930000
71758	47	1034	8930001
71554	47	1034	8930002
71555	47	1034	8930003
71979	47	1034	8930004
71980	47	1034	8931000
70868	47	1034	8931001
71981	47	1034	8932000
70869	47	1034	8933000
71101	47	1034	8933001
71759	47	1034	8934000
70673	47	1034	8934001
71556	47	1034	8935000
71760	47	1034	8936000
70870	47	1034	8937000
70464	47	1034	8938000
71323	47	1034	8938001
71557	47	1034	8938002
71324	47	1034	9200000
70871	47	1034	9201000
71982	47	1034	9202000
71325	47	1034	9202001
71558	47	1034	9210000
71102	47	1034	9210001
70674	47	1034	9210002
71103	47	1034	9211000
71104	47	1034	9211001
71983	47	1034	9211002
71326	47	1034	9212000
70872	47	1034	9212001
70873	47	1034	9212002
70675	47	1034	9212003
71327	47	1034	9212004
70874	47	1034	9213000
71761	47	1034	9213001
71105	47	1034	9213002
71762	47	1034	9214000
70875	47	1034	9215000
70465	47	1034	9216000
70876	47	1034	9217000
70676	47	1034	9218000
71328	47	1034	9218001
71763	47	1034	9218002
70466	47	1034	9219000
71984	47	1034	9219001
71985	47	1034	9220000
71106	47	1034	9221000
71329	47	1034	9222000
71330	47	1034	9223000
71986	47	1034	9223001
71331	47	1034	9223002
70467	47	1034	9224000
70677	47	1034	9224001
71107	47	1034	9224002
70877	47	1034	9224003
71764	47	1034	9224004
70878	47	1034	9225000
70879	47	1034	9225001
71332	47	1034	9226000
70678	47	1034	9227000
71333	47	1034	9227001
70679	47	1034	9227002
70468	47	1034	9227003
71334	47	1034	9228000
71765	47	1034	9228001
71987	47	1034	9229000
71335	47	1034	9230000
71108	47	1034	9230001
70680	47	1034	9230002
70880	47	1034	9230003
70469	47	1034	9231000
70470	47	1034	9231001
71559	47	1034	9231002
71109	47	1034	9232000
70681	47	1034	9232001
71336	47	1034	9233000
70471	47	1034	9234000
71560	47	1034	9234001
70682	47	1034	9234002
70683	47	1034	9234003
70472	47	1034	9235000
70473	47	1034	9235001
71561	47	1034	9236000
71988	47	1034	9237000
71110	47	1034	9237001
70684	47	1034	9238000
70881	47	1034	9239000
70474	47	1034	9239001
71562	47	1034	9239002
70685	47	1034	9239003
71766	47	1034	9240000
70882	47	1034	9240001
71989	47	1034	9240002
71990	47	1034	9600000
71991	47	1034	9601000
71111	47	1034	9602000
71337	47	1034	9603000
71992	47	1034	9603001
71767	47	1034	9610000
71768	47	1034	9611000
71112	47	1034	9612000
71563	47	1034	9613000
71338	47	1034	9614000
70883	47	1034	9615000
71339	47	1034	9616000
71769	47	1034	9616100
70884	47	1034	9617000
71113	47	1034	9618000
71114	47	1034	9619000
70885	47	1034	9620000
71993	47	1034	9622000
71994	47	1034	9623000
71115	47	1034	9623001
70886	47	1034	9623002
70475	47	1034	9624000
70476	47	1034	9625000
70686	47	1034	9626000
71564	47	1034	9627000
70887	47	1034	9627001
71116	47	1034	9627002
70687	47	1034	9628000
71117	47	1034	9629000
70888	47	1034	9630000
71118	47	1034	9631000
71565	47	1034	9631001
70889	47	1034	9632000
71119	47	1034	9800000
70890	47	1034	9801000
70477	47	1034	9802000
70891	47	1034	9802001
70478	47	1034	9803000
71770	47	1034	9804000
70479	47	1034	9805000
71120	47	1034	9806000
71995	47	1034	9806001
70688	47	1034	9807000
70480	47	1034	9808000
71996	47	1034	9809000
71771	47	1034	9810000
71121	47	1034	9811000
71566	47	1034	9811001
70689	47	1034	9811002
71772	47	1034	9812000
70481	47	1034	9813000
71997	47	1034	9813001
70690	47	1034	9814000
70482	47	1034	9815000
70483	47	1034	9816000
70484	47	1034	9816001
70485	47	1034	9817000
71340	47	1034	9818000
70486	47	1034	9819000
71998	47	1034	9819001
71122	47	1034	9819002
70892	47	1034	9819003
71123	47	1034	9820000
71567	47	1034	9820001
71999	47	1034	9821000
70893	47	1034	9822000
70487	47	1034	9822001
70691	47	1034	9822002
71341	47	1034	9823000
70692	47	1034	9823001
71342	47	1034	9823002
71124	47	1034	9824000
71125	47	1034	9824001
70894	47	1034	9824002
70488	47	1034	9824003
71773	47	1034	9825000
71126	47	1034	9826000
71568	47	1034	9826001
70895	47	1034	9826002
71343	47	1034	9827000
70896	47	1034	9827001
70897	47	1034	9828000
71344	47	1034	9828001
70489	47	1034	9828002
71569	47	1034	9828003
70898	47	1034	9828004
71345	47	1034	9829000
71127	47	1034	9830000
71128	47	1034	9830001
71346	47	1034	9831000
71774	47	1034	9831001
71775	47	1034	9832000
70899	47	1034	9832001
71776	47	1034	9832002
71129	47	1034	9833000
71570	47	1034	9833001
70693	47	1034	9834000
71130	47	1034	9835000
70900	47	1034	9835001
70901	47	1034	9835002
71131	47	1034	9835003
72000	47	1034	9835004
70902	47	1034	9835005
70694	47	1034	9835006
71777	47	1034	9836000
71347	47	1034	9837000
71571	47	1034	9837001
72001	47	1034	9838000
71132	47	1034	9839000
71572	47	1034	9840000
70490	47	1034	9840001
70491	47	1034	9840002
70903		1034	9841000
70492	47	1034	9841001
71133	47	1034	9841002
70493	47	1034	9841003
70494	47	1034	9842000
71573	47	1034	9843000
70695	47	1034	9844000
70904	47	1034	9845000
71574	47	1034	9845001
70905	47	1034	9846000
70696	47	1034	9847000
72002	47	1034	9847001
71778	47	1034	9847002
72003	47	1034	9847003
71134	47	1034	9848000
72004	47	1034	9849000
71348	47	1034	9849001
70906	47	1034	9850000
70495	47	1034	9851000
72005	47	1034	9851001
71575	47	1034	9851002
72006	47	1034	9851003
70496	47	1034	9852000
71135	47	1034	9853000
71576	47	1034	9854000
70697	47	1034	9855000
70497	47	1034	9855001
71779	47	1034	9856000
70498	47	1034	9857000
70698	47	1034	9858000
70699	47	1034	9859000
71349	47	1034	9859001
71350	47	1034	9860000
71351	47	1034	9860001
71352	47	1034	9860002
71136	47	1034	9860003
71353	47	1034	9861000
72007	47	1034	9861001
70499	47	1034	9862000
71354	47	1034	9862001
70907	47	1034	9862002
71780	47	1034	9863000
71355	47	1034	9864000
71781	47	1034	9865000
72008	47	1034	9865001
71137	47	1034	9866000
70908	47	1034	9867000
71782	47	1034	9868000
71577	47	1034	9869000
70700	47	1034	9869001
70909	47	1034	9870000
70500	47	1034	9871000
71138	47	1034	9871001
71783	47	1034	9872000
70701	47	1034	9873000
70702	47	1034	9874000
71356	47	1034	9874001
70501	47	1034	9874002
71784	47	1034	9875000
70502	47	1034	9875001
70910	47	1034	9876000
70911	47	1034	9876001
70703	47	1034	9877000
72009	47	1034	9877001
71578	47	1034	9877002
71139	47	1034	9878000
71357	47	1034	9879000
70704	47	1034	9879001
71579	47	1034	9879002