ID_MD	FORM	CAPITOL	RIND
72481	47	1037	0000000
72329	47	1037	0100000
72606	47	1037	0101000
73147	47	1037	0110000
72914	47	1037	0111000
72715	47	1037	0111001
72872	47	1037	0111002
72631	47	1037	0112000
73522	47	1037	0112001
72864	47	1037	0112002
72513	47	1037	0112003
72422	47	1037	0120000
73109	47	1037	0121000
73533	47	1037	0122000
72381	47	1037	0123000
72079	47	1037	0125000
73711	47	1037	0126000
72452	47	1037	0126001
73534	47	1037	0130000
73590	47	1037	0131000
73387	47	1037	0140000
73486	47	1037	0141000
72223	47	1037	0141001
73080	47	1037	0142000
73317	47	1037	0142001
72830	47	1037	0142002
72986	47	1037	0143000
73523	47	1037	0144000
72677	47	1037	0145000
73712	47	1037	0145001
72752	47	1037	0146000
72900	47	1037	0146001
72224	47	1037	0146002
72938	47	1037	0150000
73371	47	1037	0151000
72161	47	1037	0152000
72809	47	1037	0152001
72506	47	1037	0152002
73570	47	1037	0153000
72831	47	1037	0153001
73033	47	1037	0154000
72832	47	1037	0154001
72115	47	1037	0300000
72162	47	1037	0301000
72020	47	1037	0310000
73264	47	1037	0311000
73318	47	1037	0501000
72716	47	1037	0510000
72915	47	1037	1000000
73238	47	1037	1001000
72607	47	1037	1001001
73688	47	1037	1001002
72021	47	1037	1001003
73434	47	1037	1001004
72678	47	1037	1001005
72581	47	1037	1010000
72717	47	1037	1010001
72833	47	1037	1011000
72665	47	1037	1012000
72810	47	1037	1012001
73487	47	1037	1013000
72080	47	1037	1013001
73435	47	1037	1014000
72916	47	1037	1014001
73713	47	1037	1015000
72296	47	1037	1015001
72790	47	1037	1015002
72255	47	1037	1015003
73617	47	1037	1016000
72423	47	1037	1017000
72453	47	1037	1017001
73265	47	1037	1018000
72297	47	1037	1019000
73014	47	1037	1020000
72917	47	1037	1020001
72811	47	1037	1021000
73266	47	1037	1022000
73436	47	1037	1023000
73197	47	1037	1024000
72632	47	1037	1025000
72022	47	1037	1026000
73239	47	1037	1026001
72987	47	1037	1027000
72514	47	1037	1028000
72298	47	1037	1029000
73198	47	1037	1030000
72400	47	1037	1031000
72468	47	1037	1031001
72582	47	1037	1032000
73488	47	1037	1032001
73459	47	1037	1033000
73621	47	1037	1034000
73714	47	1037	1034001
73659	47	1037	1034002
72338	47	1037	1111111
72865	47	1037	1200000
72163	47	1037	1201000
73489	47	1037	1210000
72666	47	1037	1211000
72081	47	1037	1212000
72424	47	1037	1213000
72311	47	1037	1214000
72091	47	1037	1214001
73591	47	1037	1214002
73689	47	1037	1214003
73303	47	1037	1215000
72023	47	1037	1400000
73319	47	1037	1401000
73121	47	1037	1402000
72299	47	1037	1410000
73535	47	1037	1411000
72425	47	1037	1412000
73240	47	1037	1412001
73536	47	1037	1413000
72225	47	1037	1413001
72037	47	1037	1414000
72758	47	1037	1414001
73592	47	1037	1414002
73061	47	1037	1415000
72426	47	1037	1416000
73081	47	1037	1417000
72918	47	1037	1417001
72038	47	1037	1418000
73320	47	1037	1419000
73199	47	1037	1420000
72024	47	1037	1421000
73156	47	1037	1422000
73015	47	1037	1423000
72300	47	1037	1424000
72301	47	1037	1424001
72312	47	1037	1424002
72469	47	1037	1425000
72256	47	1037	1426000
73360	47	1037	1426001
73395	47	1037	1427000
73267	47	1037	1427001
72515	47	1037	1428000
73268	47	1037	1428001
72039	47	1037	1429000
72901	47	1037	1429001
73622	47	1037	1430000
73460	47	1037	1431000
73122	47	1037	1432000
73062	47	1037	1433000
72267	47	1037	1434000
72427	47	1037	1435000
73660	47	1037	1700000
73715	47	1037	1701000
72040	47	1037	1701001
72873	47	1037	1710000
72874	47	1037	1711000
72313	47	1037	1712000
73016	47	1037	1713000
73690	47	1037	1714000
72516	47	1037	1715000
73372	47	1037	1715100
72401	47	1037	1715200
73571	47	1037	1716000
73572	47	1037	1717000
73623	47	1037	1717001
72866	47	1037	1718000
72454	47	1037	1718001
72402	47	1037	1720000
73461	47	1037	1720001
73082	47	1037	1721000
72727	47	1037	1722000
73304	47	1037	1723000
73083	47	1037	1724000
72455	47	1037	1724001
73462	47	1037	1725000
72302	47	1037	1725001
72189	47	1037	1725002
72456	47	1037	1726000
72728	47	1037	1726001
72718	47	1037	1726002
72092	47	1037	1727000
72190	47	1037	1728000
72583	47	1037	1729000
72403	47	1037	1730000
72339	47	1037	1730001
72191	47	1037	1731000
72608	47	1037	1731001
72122	47	1037	1731002
73537	47	1037	1732000
73110	47	1037	1733000
72093	47	1037	1734000
72943	47	1037	1734001
72834	47	1037	1735000
72507	47	1037	1735001
72123	47	1037	1736000
73490	47	1037	1736001
73716	47	1037	1737000
73123	47	1037	1738000
72428	47	1037	1739000
72303	47	1037	1740000
72759	47	1037	1740001
73624	47	1037	1741000
73148	47	1037	1742000
72679	47	1037	1743000
73200	47	1037	1744000
72544	47	1037	1744001
73396	47	1037	1744002
72192	47	1037	2100000
72633	47	1037	2101000
73491	47	1037	2110000
72025	47	1037	2110001
72609	47	1037	2111000
72164	47	1037	2111001
72041	47	1037	2111002
72193	47	1037	2112000
72268	47	1037	2112001
72026	47	1037	2113000
72340	47	1037	2114000
72634	47	1037	2114001
72027	47	1037	2115000
72165	47	1037	2115001
72116	47	1037	2115002
72194	47	1037	2116000
72404	47	1037	2116001
73717	47	1037	2117000
73321	47	1037	2118000
72875	47	1037	2118001
72988	47	1037	2119000
72330	47	1037	2120000
72760	47	1037	2122000
72269	47	1037	2122001
72508	47	1037	2122002
73157	47	1037	2122003
73201	47	1037	2123000
73718	47	1037	2123001
73202	47	1037	2124000
73661	47	1037	2125000
72939	47	1037	2126000
72667	47	1037	2126001
72270	47	1037	2126002
72331	47	1037	2127000
72545	47	1037	2127001
72680	47	1037	2127002
72668	47	1037	2128000
73573	47	1037	2128001
72332	47	1037	2128002
72271	47	1037	2128003
72635	47	1037	2129000
72902	47	1037	2130000
73463	47	1037	2130001
72042	47	1037	2131000
72546	47	1037	2132000
72043	47	1037	2133000
72719	47	1037	2134000
72610	47	1037	2134001
72547	47	1037	2135000
73203	47	1037	2135001
72195	47	1037	2135002
73305	47	1037	2136000
73691	47	1037	2222222
73158	47	1037	2500000
72761	47	1037	2501000
72429	47	1037	2501001
73204	47	1037	2510000
72636	47	1037	2510001
72470	47	1037	2511000
72333	47	1037	2512000
73149	47	1037	2512001
73625	47	1037	2513000
72082	47	1037	2514000
72903	47	1037	2514001
72542	47	1037	2514002
73618	47	1037	2515000
72611	47	1037	2516000
72304	47	1037	2517000
72028	47	1037	2517001
72612	47	1037	2517002
72334	47	1037	2517003
72405	47	1037	2518000
72669	47	1037	2519000
72335	47	1037	2520000
72457	47	1037	2521000
73150	47	1037	2522000
73662	47	1037	2522001
72196	47	1037	2522002
73322	47	1037	2523000
73692	47	1037	2523100
73574	47	1037	2524000
73306	47	1037	2525000
73159	47	1037	2526000
73619	47	1037	2526001
72257	47	1037	2527000
72904	47	1037	2528000
73437	47	1037	2529000
73205	47	1037	2529001
73620	47	1037	2530000
72384	47	1037	2530001
72671	47	1037	2531000
73540	47	1037	2532000
72919	47	1037	2532001
73466	47	1037	2532002
73124	47	1037	2534000
72118	47	1037	2534001
72543	47	1037	2535000
73269	47	1037	2536000
73541	47	1037	2700000
72341	47	1037	2701000
72876	47	1037	2702000
73397	47	1037	2702001
73325	47	1037	2710000
73161	47	1037	2710001
72274	47	1037	2711000
72877	47	1037	2711001
73722	47	1037	2712000
73389	47	1037	2713000
72637	47	1037	2713001
72119	47	1037	2714000
72094	47	1037	2714001
73723	47	1037	2714002
72168	47	1037	2715000
72047	47	1037	2716000
73125	47	1037	2717000
73665	47	1037	2717001
73065	47	1037	2718000
72940	47	1037	2719000
73496	47	1037	2719001
72585	47	1037	2719002
72920	47	1037	2720000
72458	47	1037	2721000
73525	47	1037	2721001
73209	47	1037	2722000
72941	47	1037	2723000
73526	47	1037	2723001
73390	47	1037	2723002
72837	47	1037	2724000
72258	47	1037	2725000
73084	47	1037	2726000
72314	47	1037	2727000
72792	47	1037	2727001
73630	47	1037	2728000
72198	47	1037	2729000
72755	47	1037	2730000
72838	47	1037	2731000
72315	47	1037	2732000
72839	47	1037	2733000
73326	47	1037	2733001
73162	47	1037	2733002
72812	47	1037	2734000
72029	47	1037	2735000
72682	47	1037	2735001
73693	47	1037	2736000
72756	47	1037	2737000
73497	47	1037	2737001
73154	47	1037	2737002
72259	47	1037	2900000
72638	47	1037	2901000
73241	47	1037	2901001
72199	47	1037	2901002
73085	47	1037	2901003
73066	47	1037	2910000
72921	47	1037	2910001
72169	47	1037	2910002
73724	47	1037	2911000
73163	47	1037	2912000
72766	47	1037	2913000
73391	47	1037	2914000
73631	47	1037	2914001
72336	47	1037	2915000
72991	47	1037	2915001
73270	47	1037	2916000
72385	47	1037	2916001
72095	47	1037	2917000
72757	47	1037	2918000
73542	47	1037	2918001
72729	47	1037	2918002
73392	47	1037	2919000
72867	47	1037	2919001
73155	47	1037	2920000
72200	47	1037	2921000
72517	47	1037	2921001
72813	47	1037	2921002
72096	47	1037	2922000
72316	47	1037	2922001
72471	47	1037	2922002
73210	47	1037	2923000
72767	47	1037	2924000
73543	47	1037	2924001
73725	47	1037	2925000
73211	47	1037	2926000
72120	47	1037	2927000
72472	47	1037	2928000
72814	47	1037	2929000
73309	47	1037	2930000
73373	47	1037	2931000
72868	47	1037	3100000
73037	47	1037	3101000
72406	47	1037	3101001
72845	47	1037	3101002
72386	47	1037	3110000
72878	47	1037	3110001
72121	47	1037	3110002
73393	47	1037	3111000
73593	47	1037	3111001
72260	47	1037	3111002
72387	47	1037	3111003
72473	47	1037	3112000
72730	47	1037	3112001
72768	47	1037	3113000
73544	47	1037	3114000
72948	47	1037	3115000
73732	47	1037	3116000
72201	47	1037	3117000
72097	47	1037	3117001
72337	47	1037	3117002
72170	47	1037	3118000
73441	47	1037	3118001
72992	47	1037	3118002
73666	47	1037	3119000
72769	47	1037	3120000
72202	47	1037	3120001
72474	47	1037	3121000
73667	47	1037	3121001
72550	47	1037	3121002
72407	47	1037	3122000
72586	47	1037	3123000
72942	47	1037	3124000
73126	47	1037	3125000
72435	47	1037	3126000
73467	47	1037	3127000
72949	47	1037	3127001
72922	47	1037	3128000
73394	47	1037	3129000
72342	47	1037	3129001
72923	47	1037	3129100
73594	47	1037	3129101
72125	47	1037	3130000
72699	47	1037	3131000
73398	47	1037	3132000
73399	47	1037	3333333
73668	47	1037	3400000
73527	47	1037	3401000
72700	47	1037	3410000
73694	47	1037	3411000
72343	47	1037	3412000
72126	47	1037	3413000
72388	47	1037	3414000
72261	47	1037	3415000
73310	47	1037	3416000
72408	47	1037	3417000
72924	47	1037	3417100
72642	47	1037	3417101
72171	47	1037	3418000
72459	47	1037	3418001
73528	47	1037	3418002
72130	47	1037	3419000
72701	47	1037	3420000
73242	47	1037	3420001
73167	47	1037	3421000
73038	47	1037	3422000
72262	47	1037	3423000
72643	47	1037	3424000
73503	47	1037	3425000
73695	47	1037	3426000
72030	47	1037	3426001
73067	47	1037	3427000
72950	47	1037	3427001
72487	47	1037	3428000
73374	47	1037	3428001
73127	47	1037	3428002
73128	47	1037	3429000
73039	47	1037	3600000
72263	47	1037	3601000
73442	47	1037	3610000
73168	47	1037	3611000
72846	47	1037	3611001
73556	47	1037	3612000
72389	47	1037	3613000
73529	47	1037	3613001
72644	47	1037	3614000
72587	47	1037	3615000
72436	47	1037	3616000
72348	47	1037	3617000
73212	47	1037	3617001
72731	47	1037	3618000
73279	47	1037	3619000
73504	47	1037	3619001
73632	47	1037	3620000
73129	47	1037	3621000
73696	47	1037	3622000
72993	47	1037	3623000
73040	47	1037	3624000
72732	47	1037	3625000
72031	47	1037	3626000
73402	47	1037	3626001
73400	47	1037	3626002
72518	47	1037	3627000
72264	47	1037	3627001
72131	47	1037	3628000
73164	47	1037	3628001
73403	47	1037	3629000
72793	47	1037	3629001
72869	47	1037	3630000
72994	47	1037	3631000
72460	47	1037	3632000
72461	47	1037	3633000
72551	47	1037	3633001
73165	47	1037	3633002
72132	47	1037	3634000
73213	47	1037	3634001
73633	47	1037	3635000
73243	47	1037	3636000
72284	47	1037	3800000
72951	47	1037	3810000
73068	47	1037	3810001
73404	47	1037	3811000
72847	47	1037	3811001
72344	47	1037	3812000
73468	47	1037	3812001
73041	47	1037	3813000
73069	47	1037	3814000
72925	47	1037	3815000
72885	47	1037	3816000
72345	47	1037	3817000
72203	47	1037	3817001
72645	47	1037	3818000
72127	47	1037	3819000
73280	47	1037	3820000
72462	47	1037	4100000
73070	47	1037	4101000
73634	47	1037	4101001
73443	47	1037	4101002
72285	47	1037	4102000
72646	47	1037	4102001
72815	47	1037	4102002
73530	47	1037	4111000
73214	47	1037	4112000
72409	47	1037	4113000
73169	47	1037	4114000
72346	47	1037	4114001
72555	47	1037	4115000
73281	47	1037	4115001
73130	47	1037	4116000
73635	47	1037	4117000
72588	47	1037	4117001
73505	47	1037	4118000
72794	47	1037	4118001
72886	47	1037	4118002
73557	47	1037	4119000
72887	47	1037	4119100
72770	47	1037	4119101
72848	47	1037	4120000
72589	47	1037	4121000
72349	47	1037	4121001
72204	47	1037	4122000
73244	47	1037	4123000
73469	47	1037	4124000
73531	47	1037	4125000
72232	47	1037	4127000
72952	47	1037	4128000
72816	47	1037	4128001
72956	47	1037	4128002
73166	47	1037	4129000
72133	47	1037	4130000
72926	47	1037	4131000
72410	47	1037	4131001
72128	47	1037	4132000
72032	47	1037	4132001
73405	47	1037	4133000
72957	47	1037	4133001
73669	47	1037	4134000
72795	47	1037	4135000
72958	47	1037	4136000
73096	47	1037	4137000
72888	47	1037	4138000
72033	47	1037	4140000
73532	47	1037	4141000
72060	47	1037	4141001
73375	47	1037	4300000
72927	47	1037	4301000
72437	47	1037	4301001
73338	47	1037	4310000
73444	47	1037	4310001
72317	47	1037	4310002
72734	47	1037	4310003
73086	47	1037	4311000
73671	47	1037	4312000
73247	47	1037	4313000
73506	47	1037	4314000
72778	47	1037	4314001
73546	47	1037	4314002
72779	47	1037	4314003
73178	47	1037	4314100
73043	47	1037	4314101
72173	47	1037	4315000
73327	47	1037	4315001
72100	47	1037	4315002
72683	47	1037	4315003
72959	47	1037	4315004
73217	47	1037	4316000
73547	47	1037	4316001
73134	47	1037	4316002
73446	47	1037	4317000
72134	47	1037	4317001
72048	47	1037	4318000
72969	47	1037	4319000
73406	47	1037	4319001
73020	47	1037	4319100
73413	47	1037	4320000
73548	47	1037	4320001
73021	47	1037	4320002
72275	47	1037	4321000
73248	47	1037	4322000
72438	47	1037	4322001
72799	47	1037	4322002
72489	47	1037	4323000
72139	47	1037	4324000
73507	47	1037	4324001
72851	47	1037	4325000
73249	47	1037	4326000
72735	47	1037	4327000
73672	47	1037	4327001
72559	47	1037	4327002
73341	47	1037	4327003
72591	47	1037	4327004
72364	47	1037	4327005
72287	47	1037	4328000
72352	47	1037	4329000
73597	47	1037	4329001
72736	47	1037	4330000
73087	47	1037	4330001
72207	47	1037	4330002
73179	47	1037	4331000
72997	47	1037	4331001
72411	47	1037	4332000
72649	47	1037	4333000
72817	47	1037	4333001
72520	47	1037	4333002
72288	47	1037	4334000
73377	47	1037	4334001
73088	47	1037	4334002
72475	47	1037	4334003
73089	47	1037	4335000
73414	47	1037	4336000
73549	47	1037	4336001
72490	47	1037	4337000
72998	47	1037	4337001
73645	47	1037	4337002
72592	47	1037	4338000
73559	47	1037	4338001
73378	47	1037	4338002
73415	47	1037	4338003
72650	47	1037	4339000
72049	47	1037	4339001
72236	47	1037	4339002
72140	47	1037	4500000
73171	47	1037	4501000
72237	47	1037	4502000
72491	47	1037	4503000
73342	47	1037	4510000
73044	47	1037	4510001
73734	47	1037	4510002
73022	47	1037	4510003
73045	47	1037	4511000
73172	47	1037	4512000
72800	47	1037	4514000
72780	47	1037	4515000
72651	47	1037	4516000
73379	47	1037	4516001
73283	47	1037	4516002
72970	47	1037	4516003
73218	47	1037	4517000
73416	47	1037	4518000
73173	47	1037	4518001
72476	47	1037	4519000
72365	47	1037	4519001
72353	47	1037	4519002
73417	47	1037	4519003
72492	47	1037	4520000
72960	47	1037	4521000
72737	47	1037	4522000
72141	47	1037	4522001
73471	47	1037	4523000
73098	47	1037	4523001
73637	47	1037	4523002
72684	47	1037	4523003
72652	47	1037	4524000
73447	47	1037	4524001
72392	47	1037	4524002
72101	47	1037	4525000
73174	47	1037	4525001
73250	47	1037	4526000
72493	47	1037	4526001
73673	47	1037	4527000
73328	47	1037	4527001
73099	47	1037	4527002
73508	47	1037	4528000
72439	47	1037	4528001
73407	47	1037	4529000
73448	47	1037	4530000
72685	47	1037	4531000
73343	47	1037	4532000
72174	47	1037	4532001
72560	47	1037	4534000
72971	47	1037	4534001
72568	47	1037	4534002
73418	47	1037	4534003
72889	47	1037	4535000
73550	47	1037	4535001
73638	47	1037	4536000
73251	47	1037	4537000
72999	47	1037	4538000
72618	47	1037	4538001
73344	47	1037	4538002
72972	47	1037	4539000
73345	47	1037	4540000
73180	47	1037	4540001
72653	47	1037	4541000
72366	47	1037	4541001
72238	47	1037	4542000
72494	47	1037	4543000
73598	47	1037	4544000
72050	47	1037	4544001
72289	47	1037	4545000
72208	47	1037	4545001
72961	47	1037	4546000
72175	47	1037	4546001
73100	47	1037	4546002
72290	47	1037	4547000
72276	47	1037	4548000
72495	47	1037	4800000
73380	47	1037	4801000
72142	47	1037	4801001
73560	47	1037	4810000
73419	47	1037	4810001
72176	47	1037	4810002
73046	47	1037	4810003
72067	47	1037	4810004
73408	47	1037	4811000
72412	47	1037	4812000
73409	47	1037	4812001
72702	47	1037	4812002
72818	47	1037	4812003
72890	47	1037	4813000
72654	47	1037	4814000
72354	47	1037	4815000
73346	47	1037	4815001
73674	47	1037	4815002
73284	47	1037	4815003
73047	47	1037	4815004
72655	47	1037	4816000
72440	47	1037	4816001
73023	47	1037	4816002
72774	47	1037	4817000
73000	47	1037	4818000
72143	47	1037	4819000
73735	47	1037	4820000
73639	47	1037	4821000
73698	47	1037	4821001
73449	47	1037	4822000
73599	47	1037	4823000
72068	47	1037	4824000
72619	47	1037	4825000
72738	47	1037	4826000
72973	47	1037	4827000
72051	47	1037	4827001
72496	47	1037	5300000
73410	47	1037	5301000
72497	47	1037	5310000
73252	47	1037	5311000
72569	47	1037	5311001
73175	47	1037	5311002
73420	47	1037	5312000
73219	47	1037	5313000
73220	47	1037	5313001
73640	47	1037	5314000
72658	47	1037	5315000
73051	47	1037	5316000
72136	47	1037	5317000
72210	47	1037	5318000
72356	47	1037	5318001
73475	47	1037	5319000
73411	47	1037	5320000
73562	47	1037	5321000
73001	47	1037	5322000
73476	47	1037	5322001
72659	47	1037	5323000
72292	47	1037	5323001
72688	47	1037	5324000
73349	47	1037	5325000
72801	47	1037	5325001
73052	47	1037	5326000
73700	47	1037	5327000
73509	47	1037	5328000
73287	47	1037	5328001
72524	47	1037	5328002
73701	47	1037	5329000
72072	47	1037	5329001
72562	47	1037	5329002
73563	47	1037	5330000
73564	47	1037	5330001
73702	47	1037	5331000
73288	47	1037	5332000
73176	47	1037	5332001
72563	47	1037	5333000
72689	47	1037	5333001
72572	47	1037	5334000
72010	47	1037	5334001
73183	47	1037	5335000
72782	47	1037	5336000
72690	47	1037	5337000
73604	47	1037	5338000
73184	47	1037	5338001
72853	47	1037	5339000
73053	47	1037	5339001
72821	47	1037	5340000
73177	47	1037	5341000
72239	47	1037	5341001
72357	47	1037	5342000
72802	47	1037	5342001
73477	47	1037	5342002
72368	47	1037	5342003
72358	47	1037	5342004
72708	47	1037	5343000
72103	47	1037	5343001
72011	47	1037	5343002
72479	47	1037	5344000
73647	47	1037	5345000
72320	47	1037	5346000
72691	47	1037	5347000
72145	47	1037	5500000
72053	47	1037	5501000
72966	47	1037	5510000
72012	47	1037	5511000
72854	47	1037	5512000
73329	47	1037	5513000
72054	47	1037	5514000
73289	47	1037	5514001
72881	47	1037	5514002
73703	47	1037	5514003
72776	47	1037	5515000
73254	47	1037	5516000
73478	47	1037	5517000
72692	47	1037	5518000
72967	47	1037	5519000
73103	47	1037	5520000
72240	47	1037	5520001
72525	47	1037	5521000
73510	47	1037	5522000
72573	47	1037	5523000
73185	47	1037	5524000
73412	47	1037	5525000
73222	47	1037	5525001
72179	47	1037	5526000
72137	47	1037	5526001
73643	47	1037	5527000
72211	47	1037	5528000
72146	47	1037	5529000
73350	47	1037	5529001
73223	47	1037	5529002
72822	47	1037	5530000
72660	47	1037	5531000
72480	47	1037	5532000
72855	47	1037	5533000
73351	47	1037	5533001
72661	47	1037	5700000
72180	47	1037	5701000
72321	47	1037	5702000
72359	47	1037	5702001
73002	47	1037	5710000
72803	47	1037	5710001
73644	47	1037	5710002
72739	47	1037	5711000
72564	47	1037	5711001
72013	47	1037	5712000
72055	47	1037	5713000
73605	47	1037	5713001
73225	47	1037	5713002
72526	47	1037	5714000
72414	47	1037	5715000
73330	47	1037	5715001
73054	47	1037	5716000
73606	47	1037	5717000
73226	47	1037	5718000
73331	47	1037	5719000
73423	47	1037	5720000
72968	47	1037	5720001
72621	47	1037	5721000
72527	47	1037	5722000
72138	47	1037	5723000
72565	47	1037	5723001
72662	47	1037	5724000
73451	47	1037	5725000
72574	47	1037	5725001
72104	47	1037	5726000
72322	47	1037	5726001
72566	47	1037	5727000
73577	47	1037	5728000
73091	47	1037	5728001
73025	47	1037	5729000
73332	47	1037	5730000
72415	47	1037	5731000
72554	47	1037	5731001
73186	47	1037	5732000
72278	47	1037	5732001
72396	47	1037	5732002
73452	47	1037	6000000
73511	47	1037	6001000
72085	47	1037	6010000
73424	47	1037	6010001
72241	47	1037	6011000
73425	47	1037	6012000
72279	47	1037	6013000
73453	47	1037	6013001
72416	47	1037	6013002
72575	47	1037	6014000
72595	47	1037	6015000
72804	47	1037	6015001
73578	47	1037	6016000
72446	47	1037	6017000
72784	47	1037	6018000
72056	47	1037	6018001
72212	47	1037	6019000
73512	47	1037	6019001
72974	47	1037	6020000
73290	47	1037	6021000
72242	47	1037	6022000
73255	47	1037	6022001
73333	47	1037	6023000
73648	47	1037	6023001
72906	47	1037	6024000
72856	47	1037	6025000
72528	47	1037	6025001
72148	47	1037	6026000
73579	47	1037	6027000
72576	47	1037	6027001
72149	47	1037	6027002
73676	47	1037	6028000
72280	47	1037	6028001
72823	47	1037	6028002
73552	47	1037	6028003
72783	47	1037	6028004
72397	47	1037	6029000
73026	47	1037	6029001
73027	47	1037	6030000
73580	47	1037	6031000
72693	47	1037	6200000
73187	47	1037	6201000
73291	47	1037	6202000
73188	47	1037	6203000
72931	47	1037	6210000
73650	47	1037	6210001
72213	47	1037	6210002
73677	47	1037	6211000
72720	47	1037	6212000
73028	47	1037	6212001
72740	47	1037	6213000
72369	47	1037	6214000
73334	47	1037	6214001
73227	47	1037	6215000
72622	47	1037	6215001
72181	47	1037	6216000
72824	47	1037	6217000
72305	47	1037	6217001
72182	47	1037	6217002
73256	47	1037	6218000
72214	47	1037	6219000
72975	47	1037	6219001
73361	47	1037	6220000
73649	47	1037	6220001
73513	47	1037	6221000
73271	47	1037	6222000
73581	47	1037	6222001
73498	47	1037	6223000
73092	47	1037	6224000
73607	47	1037	6224001
72694	47	1037	6225000
73678	47	1037	6226000
72243	47	1037	6227000
72695	47	1037	6227001
73292	47	1037	6400000
72639	47	1037	6401000
72785	47	1037	6410000
72840	47	1037	6410001
73362	47	1037	6411000
73514	47	1037	6411001
72741	47	1037	6411002
73189	47	1037	6412000
72883	47	1037	6413000
73608	47	1037	6414000
73499	47	1037	6415000
72510	47	1037	6415001
72696	47	1037	6415002
73035	47	1037	6416000
73426	47	1037	6416001
73136	47	1037	6416002
72432	47	1037	6417000
73553	47	1037	6418000
72529	47	1037	6418001
72370	47	1037	6418002
73137	47	1037	6419000
72398	47	1037	6419001
73293	47	1037	6420000
72482	47	1037	6420001
72014	47	1037	6420002
72105	47	1037	6421000
73272	47	1037	6421001
73138	47	1037	6421002
72596	47	1037	6422000
72742	47	1037	6423000
72697	47	1037	6423001
72743	47	1037	6423002
73273	47	1037	6424000
73190	47	1037	6424001
73335	47	1037	6424002
73651	47	1037	6424003
73055	47	1037	6425000
72281	47	1037	6425001
73704	47	1037	6426000
72530	47	1037	6426100
72244	47	1037	6426101
72150	47	1037	6427000
72057	47	1037	6427001
73705	47	1037	6428000
72907	47	1037	6429000
73479	47	1037	6429001
72623	47	1037	6430000
73515	47	1037	6431000
73516	47	1037	6431001
72227	47	1037	6432000
72531	47	1037	6432100
73517	47	1037	6433000
73554	47	1037	6433001
73336	47	1037	6433002
72086	47	1037	6434000
73427	47	1037	6434001
72245	47	1037	6434002
72908	47	1037	6435000
72215	47	1037	6436000
73003	47	1037	6436001
73191	47	1037	6436002
72857	47	1037	6437000
72483	47	1037	6437001
72106	47	1037	6438000
72858	47	1037	6439000
72107	47	1037	6440000
72183	47	1037	6440001
73609	47	1037	6440002
73500	47	1037	6441000
72577	47	1037	6441001
73555	47	1037	6441002
72484	47	1037	6442000
72371	47	1037	6443000
73679	47	1037	6444000
73454	47	1037	6444001
73274	47	1037	6444002
73093	47	1037	6700000
73501	47	1037	6701000
72216	47	1037	6701001
72532	47	1037	6701002
72217	47	1037	6701003
72825	47	1037	6710000
72372	47	1037	6711000
73518	47	1037	6712000
73192	47	1037	6713000
73706	47	1037	6714000
73610	47	1037	6715000
72859	47	1037	6715001
73257	47	1037	6715002
72909	47	1037	6716000
73294	47	1037	6717000
72015	47	1037	6717001
72417	47	1037	6718000
73004	47	1037	6719000
72218	47	1037	6719001
72282	47	1037	6719002
72246	47	1037	6720000
72151	47	1037	6721000
72884	47	1037	6722000
73094	47	1037	6723000
72826	47	1037	6723001
73005	47	1037	6724000
73275	47	1037	6725000
72058	47	1037	6726000
72373	47	1037	6726100
73139	47	1037	6726101
73680	47	1037	6727000
72228	47	1037	6727001
73681	47	1037	6728000
72152	47	1037	6728001
72059	47	1037	6728002
73519	47	1037	6729000
73193	47	1037	6729001
72485	47	1037	6730000
73652	47	1037	6730001
73382	47	1037	6731000
73113	47	1037	6732000
72486	47	1037	6732001
72374	47	1037	7100000
72721	47	1037	7101000
73140	47	1037	7101001
72698	47	1037	7101002
73582	47	1037	7102000
73337	47	1037	7102001
72108	47	1037	7102002
72247	47	1037	7102003
73006	47	1037	7102004
72841	47	1037	7110000
72533	47	1037	7110001
73114	47	1037	7110002
73653	47	1037	7110003
73007	47	1037	7111000
72306	47	1037	7112000
73095	47	1037	7113000
72323	47	1037	7113001
72663	47	1037	7113002
73480	47	1037	7113003
73228	47	1037	7114000
73258	47	1037	7115000
72977	47	1037	7115001
72597	47	1037	7116000
73115	47	1037	7116001
72248	47	1037	7117000
72722	47	1037	7117001
72640	47	1037	7118000
72641	47	1037	7119000
72744	47	1037	7120000
72283	47	1037	7120001
72219	47	1037	7121000
72978	47	1037	7122000
72087	47	1037	7123000
73229	47	1037	7125000
73726	47	1037	7126000
72375	47	1037	7127000
73481	47	1037	7127001
72932	47	1037	7128000
73029	47	1037	7128001
72153	47	1037	7130000
73727	47	1037	7130001
73682	47	1037	7130002
72229	47	1037	7131000
73363	47	1037	7132000
73565	47	1037	7133000
72979	47	1037	7133100
72447	47	1037	7133101
73455	47	1037	7133102
72624	47	1037	7134000
73030	47	1037	7134001
73230	47	1037	7134002
73364	47	1037	7134003
73141	47	1037	7134004
73259	47	1037	7134005
73116	47	1037	7135000
73365	47	1037	7136000
73352	47	1037	7400000
73728	47	1037	7401000
73231	47	1037	7401001
73276	47	1037	7402000
72598	47	1037	7410000
72860	47	1037	7410001
72088	47	1037	7410002
72534	47	1037	7410003
72307	47	1037	7410004
73383	47	1037	7411000
73654	47	1037	7411001
73655	47	1037	7412000
72220	47	1037	7412001
73502	47	1037	7412002
72499	47	1037	7413000
72599	47	1037	7413001
73008	47	1037	7414000
72535	47	1037	7414001
73456	47	1037	7415000
73566	47	1037	7415001
73260	47	1037	7415002
72895	47	1037	7416000
72723	47	1037	7416001
72536	47	1037	7417000
73056	47	1037	7417001
73428	47	1037	7417002
72745	47	1037	7417003
73261	47	1037	7417004
72861	47	1037	7417005
73009	47	1037	7418000
72842	47	1037	7418001
72537	47	1037	7418002
73707	47	1037	7419000
73031	47	1037	7419001
72933	47	1037	7419002
73611	47	1037	7420000
72184	47	1037	7420001
72862	47	1037	7421000
73057	47	1037	7421001
72724	47	1037	7421002
72074	47	1037	7422000
72578	47	1037	7422001
73612	47	1037	7422002
73104	47	1037	7423000
73105	47	1037	7423001
73295	47	1037	7423002
72843	47	1037	7424000
73366	47	1037	7424001
72433	47	1037	7424002
73729	47	1037	7425000
72230	47	1037	7425001
72434	47	1037	7426000
73683	47	1037	7426001
72709	47	1037	7427000
72376	47	1037	7427001
73482	47	1037	7428000
73036	47	1037	7428001
72625	47	1037	7428002
72626	47	1037	7428003
72377	47	1037	7429000
72418	47	1037	7429001
73583	47	1037	7429002
73277	47	1037	7429003
73730	47	1037	7430000
73429	47	1037	7431000
72249	47	1037	7431001
72324	47	1037	7432000
73684	47	1037	7432001
72448	47	1037	7433000
73708	47	1037	7433001
72980	47	1037	7433002
72449	47	1037	7800000
73194	47	1037	7801000
72185	47	1037	7810000
72805	47	1037	7810001
72627	47	1037	7811000
73567	47	1037	7812000
73278	47	1037	7812001
72934	47	1037	7813000
73195	47	1037	7813001
72600	47	1037	7814000
73353	47	1037	7814001
72154	47	1037	7815000
72844	47	1037	7815001
73058	47	1037	7815002
73709	47	1037	7815003
73685	47	1037	7816000
73584	47	1037	7816001
73520	47	1037	7816002
72827	47	1037	7817000
73585	47	1037	7818000
73010	47	1037	7819000
73117	47	1037	7819001
73586	47	1037	7820000
72601	47	1037	7821000
72710	47	1037	7821001
72155	47	1037	7821002
73011	47	1037	7821100
72378	47	1037	7821101
72250	47	1037	7822000
72725	47	1037	7823000
72379	47	1037	7823001
72251	47	1037	7824000
73118	47	1037	7824001
73731	47	1037	7825000
72221	47	1037	7825001
72602	47	1037	7825002
72231	47	1037	7826000
72109	47	1037	7827000
73367	47	1037	7828000
72500	47	1037	7828001
72325	47	1037	7829000
73587	47	1037	7829001
73368	47	1037	7830000
73012	47	1037	7831000
72308	47	1037	7831001
73588	47	1037	7832000
73296	47	1037	7832001
73656	47	1037	7833000
72075	47	1037	7834000
72579	47	1037	7834001
72870	47	1037	7835000
72711	47	1037	7835001
72252	47	1037	7835002
72896	47	1037	7835003
72538	47	1037	7835004
73457	47	1037	7835005
72309	47	1037	7836000
73232	47	1037	7837000
72935	47	1037	7837001
72156	47	1037	7837002
73483	47	1037	7838000
72293	47	1037	7838001
73589	47	1037	7839000
72897	47	1037	7839001
73142	47	1037	7839002
73710	47	1037	7840000
73297	47	1037	7841000
72910	47	1037	7841001
73430	47	1037	7842000
73313	47	1037	8000000
73431	47	1037	8001000
72911	47	1037	8001001
73298	47	1037	8002000
72076	47	1037	8002001
73613	47	1037	8010000
73614	47	1037	8011000
72501	47	1037	8012000
72016	47	1037	8012001
73106	47	1037	8013000
72511	47	1037	8014000
72603	47	1037	8015000
73075	47	1037	8015001
73299	47	1037	8016000
72828	47	1037	8016001
72664	47	1037	8017000
72419	47	1037	8017001
73686	47	1037	8018000
73233	47	1037	8018001
72326	47	1037	8019000
72294	47	1037	8019001
72253	47	1037	8020000
72912	47	1037	8020001
72712	47	1037	8021000
72628	47	1037	8022000
72035	47	1037	8023000
72036	47	1037	8023001
73107	47	1037	8024000
72746	47	1037	8024001
73354	47	1037	8024002
73143	47	1037	8025000
72380	47	1037	8026000
72713	47	1037	8027000
72981	47	1037	8028000
73262	47	1037	8029000
72898	47	1037	8030000
73384	47	1037	8031000
73432	47	1037	8032000
73263	47	1037	8033000
73234	47	1037	8034000
73032	47	1037	8300000
72580	47	1037	8301000
73119	47	1037	8310000
72726	47	1037	8310001
72674	47	1037	8310002
72465	47	1037	8311000
73657	47	1037	8312000
72502	47	1037	8312001
73300	47	1037	8313000
72420	47	1037	8314000
72936	47	1037	8314001
73144	47	1037	8314002
73108	47	1037	8315000
72222	47	1037	8316000
72806	47	1037	8316001
73301	47	1037	8316002
73145	47	1037	8317000
72747	47	1037	8318000
72899	47	1037	8319000
72714	47	1037	8320000
72327	47	1037	8321000
73385	47	1037	8322000
73355	47	1037	8323000
73600	47	1037	8324000
72561	47	1037	8325000
72393	47	1037	8326000
73024	47	1037	8326001
72477	47	1037	8327000
72686	47	1037	8327001
72521	47	1037	8328000
73347	47	1037	8329000
73472	47	1037	8330000
72177	47	1037	8331000
73646	47	1037	8331001
72593	47	1037	8500000
72775	47	1037	8501000
72781	47	1037	8510000
72891	47	1037	8510001
72069	47	1037	8511000
72892	47	1037	8512000
72441	47	1037	8513000
72135	47	1037	8514000
73473	47	1037	8515000
72703	47	1037	8516000
73736	47	1037	8517000
73101	47	1037	8518000
72704	47	1037	8519000
73381	47	1037	8520000
72442	47	1037	8521000
72570	47	1037	8522000
72819	47	1037	8523000
72929	47	1037	8524000
72277	47	1037	8524001
73181	47	1037	8525000
73699	47	1037	8525001
72656	47	1037	8526000
72620	47	1037	8527000
72962	47	1037	8528000
72879	47	1037	8529000
73737	47	1037	8530000
72705	47	1037	8531000
73421	47	1037	8700000
72820	47	1037	8701000
72319	47	1037	8702000
72367	47	1037	8710000
73285	47	1037	8710001
72963	47	1037	8710002
72178	47	1037	8711000
73422	47	1037	8711001
73675	47	1037	8711002
72394	47	1037	8712000
72052	47	1037	8713000
72893	47	1037	8715000
73102	47	1037	8715001
73221	47	1037	8716000
72522	47	1037	8717000
72443	47	1037	8717001
73601	47	1037	8717002
72102	47	1037	8718000
73602	47	1037	8719000
72880	47	1037	8720000
72070	47	1037	8720100
73474	47	1037	8720101
73551	47	1037	8721000
72706	47	1037	8722000
73048	47	1037	8723000
72852	47	1037	8723001
72144	47	1037	8723002
72523	47	1037	8723003
72594	47	1037	8900000
73641	47	1037	8901000
72894	47	1037	8901001
73450	47	1037	8901002
73253	47	1037	8910000
72707	47	1037	8910001
72209	47	1037	8911000
73135	47	1037	8912000
72687	47	1037	8912001
73561	47	1037	8913000
73286	47	1037	8914000
73348	47	1037	8914001
72571	47	1037	8914002
72355	47	1037	8915000
72413	47	1037	8916000
73049	47	1037	8916001
72478	47	1037	8916100
73050	47	1037	8917000
72964	47	1037	8918000
73603	47	1037	8919000
72965	47	1037	8920000
72444	47	1037	8921000
73738	47	1037	8921001
72395	47	1037	8921002
73642	47	1037	8922000
72445	47	1037	8923000
73090	47	1037	8924000
73182	47	1037	8925000
72291	47	1037	8925001
72071	47	1037	8926000
72657	47	1037	8926001
72077	47	1037	8926002
73356	47	1037	8927000
72254	47	1037	8928000
72604	47	1037	8929000
73059	47	1037	8929001
72807	47	1037	8929002
72089	47	1037	8930000
72186	47	1037	8930001
72157	47	1037	8930002
72090	47	1037	8930003
73433	47	1037	8930004
72187	47	1037	8931000
72466	47	1037	8931001
72748	47	1037	8932000
72158	47	1037	8933000
73235	47	1037	8933001
73013	47	1037	8934000
72110	47	1037	8934001
73357	47	1037	8935000
72399	47	1037	8936000
73196	47	1037	8937000
72159	47	1037	8938000
73358	47	1037	8938001
72913	47	1037	8938002
73386	47	1037	9200000
73615	47	1037	9201000
72017	47	1037	9202000
72111	47	1037	9202001
72295	47	1037	9210000
72503	47	1037	9210001
72675	47	1037	9210002
73616	47	1037	9211000
73120	47	1037	9211001
72512	47	1037	9211002
72982	47	1037	9212000
73521	47	1037	9212001
73146	47	1037	9212002
72786	47	1037	9212003
72112	47	1037	9212004
72450	47	1037	9213000
72539	47	1037	9213001
73060	47	1037	9213002
72113	47	1037	9214000
72018	47	1037	9215000
72676	47	1037	9216000
73076	47	1037	9217000
72787	47	1037	9218000
73484	47	1037	9218001
73077	47	1037	9218002
72467	47	1037	9219000
73314	47	1037	9219001
72863	47	1037	9220000
72504	47	1037	9221000
73315	47	1037	9222000
72788	47	1037	9223000
73658	47	1037	9223001
72749	47	1037	9223002
72937	47	1037	9224000
72983	47	1037	9224001
72808	47	1037	9224002
73568	47	1037	9224003
72188	47	1037	9224004
73078	47	1037	9225000
73359	47	1037	9225001
73369	47	1037	9226000
73316	47	1037	9227000
73485	47	1037	9227001
72750	47	1037	9227002
73569	47	1037	9227003
72629	47	1037	9228000
73236	47	1037	9228001
73370	47	1037	9229000
72451	47	1037	9230000
72310	47	1037	9230001
72630	47	1037	9230002
72078	47	1037	9230003
72984	47	1037	9231000
72871	47	1037	9231001
72540	47	1037	9231002
72605	47	1037	9232000
72114	47	1037	9232001
73237	47	1037	9233000
72985	47	1037	9234000
73079	47	1037	9234001
72328	47	1037	9234002
73458	47	1037	9234003
72751	47	1037	9235000
73687	47	1037	9235001
73302	47	1037	9236000
72789	47	1037	9237000
72019	47	1037	9237001
72829	47	1037	9238000
72421	47	1037	9239000
72541	47	1037	9239001
72160	47	1037	9239002
72505	47	1037	9239003
72382	47	1037	9240000
72762	47	1037	9240001
73151	47	1037	9240002
72944	47	1037	9600000
72584	47	1037	9601000
73538	47	1037	9602000
72753	47	1037	9603000
72044	47	1037	9603001
72670	47	1037	9610000
73017	47	1037	9611000
73323	47	1037	9612000
73307	47	1037	9613000
72763	47	1037	9614000
73492	47	1037	9615000
72045	47	1037	9616000
73575	47	1037	9616100
72083	47	1037	9617000
72835	47	1037	9618000
73626	47	1037	9619000
73539	47	1037	9620000
73524	47	1037	9622000
73063	47	1037	9623000
73388	47	1037	9623001
73206	47	1037	9623002
73663	47	1037	9624000
73438	47	1037	9625000
73719	47	1037	9626000
73720	47	1037	9627000
73308	47	1037	9627001
72197	47	1037	9627002
72430	47	1037	9628000
72084	47	1037	9629000
73207	47	1037	9630000
72613	47	1037	9631000
73439	47	1037	9631001
73160	47	1037	9632000
72431	47	1037	9800000
72124	47	1037	9801000
73208	47	1037	9802000
72764	47	1037	9802001
72989	47	1037	9803000
72945	47	1037	9804000
73627	47	1037	9805000
72046	47	1037	9806000
72166	47	1037	9806001
73464	47	1037	9807000
72946	47	1037	9808000
72272	47	1037	9809000
73721	47	1037	9810000
72905	47	1037	9811000
72791	47	1037	9811001
72509	47	1037	9811002
73152	47	1037	9812000
72548	47	1037	9813000
72614	47	1037	9813001
72765	47	1037	9814000
72549	47	1037	9815000
72167	47	1037	9816000
73465	47	1037	9816001
72681	47	1037	9817000
73576	47	1037	9818000
72117	47	1037	9819000
72273	47	1037	9819001
72226	47	1037	9819002
72383	47	1037	9819003
73664	47	1037	9820000
73440	47	1037	9820001
73493	47	1037	9821000
73494	47	1037	9822000
73111	47	1037	9822001
73628	47	1037	9822002
72990	47	1037	9823000
72836	47	1037	9823001
73034	47	1037	9823002
73324	47	1037	9824000
73112	47	1037	9824001
72754	47	1037	9824002
73495	47	1037	9824003
73064	47	1037	9825000
73629	47	1037	9826000
72947	47	1037	9826001
73153	47	1037	9826002
73339	47	1037	9827000
72552	47	1037	9827001
72647	47	1037	9828000
72061	47	1037	9828001
72233	47	1037	9828002
72648	47	1037	9828003
73445	47	1037	9828004
73071	47	1037	9829000
72347	47	1037	9830000
72463	47	1037	9830001
72849	47	1037	9831000
72615	47	1037	9831001
72519	47	1037	9832000
72672	47	1037	9832001
72062	47	1037	9832002
73131	47	1037	9833000
73595	47	1037	9833001
72556	47	1037	9834000
72063	47	1037	9835000
72286	47	1037	9835001
73558	47	1037	9835002
73470	47	1037	9835003
72953	47	1037	9835004
72034	47	1037	9835005
72954	47	1037	9835006
72129	47	1037	9836000
72733	47	1037	9837000
73376	47	1037	9837001
72350	47	1037	9838000
72098	47	1037	9839000
72265	47	1037	9840000
72266	47	1037	9840001
73282	47	1037	9840002
73636	47	1037	9841000
73245	47	1037	9841001
73311	47	1037	9841002
73246	47	1037	9841003
73401	47	1037	9842000
72673	47	1037	9843000
73018	47	1037	9844000
73072	47	1037	9845000
72995	47	1037	9845001
72553	47	1037	9846000
72850	47	1037	9847000
72099	47	1037	9847001
72557	47	1037	9847002
73215	47	1037	9847003
72796	47	1037	9848000
72318	47	1037	9849000
72616	47	1037	9849001
72205	47	1037	9850000
72558	47	1037	9851000
72797	47	1037	9851001
72617	47	1037	9851002
72390	47	1037	9851003
72955	47	1037	9852000
72391	47	1037	9853000
73216	47	1037	9854000
73733	47	1037	9855000
72351	47	1037	9855001
73073	47	1037	9856000
72464	47	1037	9857000
72928	47	1037	9858000
73074	47	1037	9859000
72771	47	1037	9859001
72798	47	1037	9860000
72488	47	1037	9860001
72996	47	1037	9860002
72360	47	1037	9860003
72172	47	1037	9861000
73097	47	1037	9861001
72206	47	1037	9862000
73670	47	1037	9862001
72777	47	1037	9862002
73340	47	1037	9863000
72361	47	1037	9864000
73132	47	1037	9865000
73312	47	1037	9865001
72234	47	1037	9866000
72362	47	1037	9867000
72064	47	1037	9868000
72065	47	1037	9869000
72590	47	1037	9869001
72066	47	1037	9870000
73697	47	1037	9871000
73596	47	1037	9871001
73019	47	1037	9872000
73545	47	1037	9873000
73042	47	1037	9874000
72567	47	1037	9874001
72363	47	1037	9874002
73170	47	1037	9875000
72772	47	1037	9875001
73133	47	1037	9876000
72773	47	1037	9876001
72235	47	1037	9877000
72147	47	1037	9877001
72930	47	1037	9877002
73224	47	1037	9878000
72498	47	1037	9879000
72882	47	1037	9879001
72073	47	1037	9879002