ID_MD	FORM	CAPITOL	RIND
59030	64	1128	500
59032	64	1128	510
59033	64	1128	511
59034	64	1128	512
59035	64	1128	513
59036	64	1128	514
59037	64	1128	515
59038	64	1128	516
59039	64	1128	517
59040	64	1128	518
59041	64	1128	519
59042	64	1128	520
59043	64	1128	521
59044	64	1128	522
59045	64	1128	523
59046	64	1128	524
59047	64	1128	525
59048	64	1128	526
59049	64	1128	527
59050	64	1128	528
59051	64	1128	529
59052	64	1128	530
59053	64	1128	531
59054	64	1128	532
59055	64	1128	533
59056	64	1128	534
59057	64	1128	535
59058	64	1128	536
59059	64	1128	537
59060	64	1128	538
59061	64	1128	539
59062	64	1128	540
59063	64	1128	541
59064	64	1128	542
59065	64	1128	543
59066	64	1128	544
59067	64	1128	545
59068	64	1128	546
59069	64	1128	547
59070	64	1128	548
59071	64	1128	549
59072	64	1128	550
59073	64	1128	551
59074	64	1128	552
59075	64	1128	553
59076	64	1128	554
59077	64	1128	555
59078	64	1128	556
59079	64	1128	557
59080	64	1128	558
59081	64	1128	559
59082	64	1128	560
59083	64	1128	561
59084	64	1128	562
59085	64	1128	563
59086	64	1128	564
59087	64	1128	565
59088	64	1128	566
59089	64	1128	567
59090	64	1128	568
59091	64	1128	569
59092	64	1128	570
59093	64	1128	571
59094	64	1128	572
59095	64	1128	573
59096	64	1128	574
59097	64	1128	575
59098	64	1128	576
59099	64	1128	577
59100	64	1128	578
59101	64	1128	579
59102	64	1128	580
59103	64	1128	581
59104	64	1128	582
59105	64	1128	583
59106	64	1128	584
59107	64	1128	585
59108	64	1128	586
59109	64	1128	587
59110	64	1128	588
59111	64	1128	589
59112	64	1128	590
59113	64	1128	591
59114	64	1128	592
59115	64	1128	593
59116	64	1128	594
59117	64	1128	595
59118	64	1128	596
59119	64	1128	597
59120	64	1128	598
59121	64	1128	599
59122	64	1128	600
59123	64	1128	601
59124	64	1128	602
59125	64	1128	603
59126	64	1128	604
59127	64	1128	605
59128	64	1128	606
59129	64	1128	607
59130	64	1128	608
59131	64	1128	609
59132	64	1128	610
59133	64	1128	611
59134	64	1128	612
59135	64	1128	613
59136	64	1128	614
59137	64	1128	615
59138	64	1128	616
59139	64	1128	617
59140	64	1128	618
59141	64	1128	619
59142	64	1128	620
59143	64	1128	621
59144	64	1128	622
59145	64	1128	623
59146	64	1128	624
59147	64	1128	625
59148	64	1128	626
59149	64	1128	627
59150	64	1128	628
59151	64	1128	629
59152	64	1128	630
59153	64	1128	631
59154	64	1128	632
59155	64	1128	633
59156	64	1128	634
59157	64	1128	635
59158	64	1128	636
59159	64	1128	637
59160	64	1128	638
59161	64	1128	639
59162	64	1128	640
59163	64	1128	641
59164	64	1128	642
59165	64	1128	643
59166	64	1128	644
59167	64	1128	645
59168	64	1128	646
59169	64	1128	647
59170	64	1128	648
59171	64	1128	649
59172	64	1128	650
59173	64	1128	651
59174	64	1128	652
59175	64	1128	653
59176	64	1128	654
59177	64	1128	655
59178	64	1128	656
59179	64	1128	657
59180	64	1128	658
59181	64	1128	659
59182	64	1128	660
59183	64	1128	661
59184	64	1128	662
59185	64	1128	663
59186	64	1128	664
59187	64	1128	665
59188	64	1128	666
59189	64	1128	667
59190	64	1128	668
59191	64	1128	669
59192	64	1128	670
59193	64	1128	671
59194	64	1128	672
59195	64	1128	673
59196	64	1128	674
59197	64	1128	675
59198	64	1128	676
59199	64	1128	677
59200	64	1128	678
59201	64	1128	679
59202	64	1128	680
59203	64	1128	681
59204	64	1128	682
59205	64	1128	683
59206	64	1128	684
59207	64	1128	685
59208	64	1128	686
59209	64	1128	687
59210	64	1128	688
59211	64	1128	689
59212	64	1128	690
59213	64	1128	691
59214	64	1128	692
59215	64	1128	693
59216	64	1128	694
59217	64	1128	695
59218	64	1128	696
59219	64	1128	697
59220	64	1128	698
59221	64	1128	699
59222	64	1128	700
59223	64	1128	701
59224	64	1128	702
59225	64	1128	703
59226	64	1128	704
59227	64	1128	705
59228	64	1128	706
59229	64	1128	707
59230	64	1128	708
59231	64	1128	709
59232	64	1128	710
59233	64	1128	711
59234	64	1128	712
59235	64	1128	713
59236	64	1128	714
59237	64	1128	715
59238	64	1128	716
59239	64	1128	717
59240	64	1128	718
59241	64	1128	719
59242	64	1128	720
59243	64	1128	721
59244	64	1128	722
59245	64	1128	723
59246	64	1128	724
59247	64	1128	725
59248	64	1128	726
59249	64	1128	727
59250	64	1128	728
59251	64	1128	729
59252	64	1128	730
59253	64	1128	731
59254	64	1128	732
59255	64	1128	733
59256	64	1128	734
59257	64	1128	735
59258	64	1128	736
59259	64	1128	737
59260	64	1128	738
59261	64	1128	739
59262	64	1128	740
59263	64	1128	741
59264	64	1128	742
59265	64	1128	743
59266	64	1128	744
59267	64	1128	745
59268	64	1128	746
59269	64	1128	747
59270	64	1128	748
59271	64	1128	749
59272	64	1128	750
59273	64	1128	751
59274	64	1128	752
59275	64	1128	753
59276	64	1128	754
59277	64	1128	755
59278	64	1128	756
59279	64	1128	757
59280	64	1128	758
59281	64	1128	759
59282	64	1128	760
59283	64	1128	761
59284	64	1128	762
59285	64	1128	763
59286	64	1128	764
59287	64	1128	765
59288	64	1128	766
59289	64	1128	767
59290	64	1128	768
59291	64	1128	769
59292	64	1128	770
59293	64	1128	771
59294	64	1128	772
59295	64	1128	773
59296	64	1128	774
59297	64	1128	775
59298	64	1128	776
59299	64	1128	777
59300	64	1128	778
59301	64	1128	779
59302	64	1128	780
59303	64	1128	781
59304	64	1128	782
59305	64	1128	783
59306	64	1128	784
59307	64	1128	785
59308	64	1128	786
59309	64	1128	787
59310	64	1128	788
59311	64	1128	789
59312	64	1128	790
59313	64	1128	791
59314	64	1128	792
59315	64	1128	793
59316	64	1128	794
59317	64	1128	795
59318	64	1128	796
59319	64	1128	797
59320	64	1128	798
59321	64	1128	799
59322	64	1128	800
59323	64	1128	801
59324	64	1128	802
59325	64	1128	803
59326	64	1128	804
59327	64	1128	805
59328	64	1128	806
59329	64	1128	807
61829	64	1128	808
61830	64	1128	809
61831	64	1128	810